0 1 43168
5.279199999999999449e-01 7.072929999999999495e-01 4.701469999999999816e-01 1.388910000000000089e+00
-8.189469999999999805e-01 2.772830000000000017e-01 5.024349999999999650e-01 -1.426749999999999963e-01
2.250060000000000116e-01 -6.502710000000000434e-01 7.256190000000000140e-01 -1.555539999999999978e-01
0.000000000000000000e+00 0.000000000000000000e+00 0.000000000000000000e+00 1.000000000000000000e+00
0 2 30924
5.219519999999999715e-01 7.086780000000000301e-01 4.747020000000000128e-01 1.425100000000000033e+00
-8.089960000000000484e-01 2.348999999999999977e-01 5.388399999999999856e-01 -3.272289999999999802e-05
2.703559999999999852e-01 -6.652799999999999825e-01 6.959239999999999871e-01 -1.347899999999999932e-01
0.000000000000000000e+00 0.000000000000000000e+00 0.000000000000000000e+00 1.000000000000000000e+00
0 3 42157
6.210729999999999862e-01 5.425320000000000142e-01 5.656210000000000404e-01 1.331739999999999924e+00
-7.803799999999999626e-01 3.611869999999999803e-01 5.104419999999999513e-01 1.747980000000000089e-01
7.263609999999999511e-02 -7.584220000000000406e-01 6.477039999999999464e-01 -2.843570000000000264e-01
0.000000000000000000e+00 0.000000000000000000e+00 0.000000000000000000e+00 1.000000000000000000e+00
0 4 30549
3.126299999999999912e-02 7.334829999999999961e-01 6.789889999999999537e-01 -5.466180000000000483e-01
-9.803779999999999717e-01 -1.097769999999999996e-01 1.637280000000000124e-01 -7.373619999999999619e-01
1.946289999999999965e-01 -6.707840000000000469e-01 7.156590000000000451e-01 -6.688500000000000001e-02
0.000000000000000000e+00 0.000000000000000000e+00 0.000000000000000000e+00 1.000000000000000000e+00
0 5 51095
-3.579410000000000092e-01 -9.175649999999999640e-01 -1.730720000000000036e-01 -1.712019999999999931e-01
9.227229999999999599e-01 -3.191919999999999757e-01 -2.161019999999999885e-01 3.795790000000000219e+00
1.430450000000000055e-01 -2.370490000000000097e-01 9.609090000000000131e-01 3.852209999999999662e-02
0.000000000000000000e+00 0.000000000000000000e+00 0.000000000000000000e+00 1.000000000000000000e+00
0 6 37864
9.594770000000000243e-01 2.714699999999999891e-01 -7.555560000000000054e-02 4.829680000000000084e-01
4.821870000000000323e-02 1.060050000000000020e-01 9.931959999999999678e-01 4.639460000000000112e-02
2.776319999999999899e-01 -9.565919999999999979e-01 8.861890000000000045e-02 -3.355509999999999882e-01
0.000000000000000000e+00 0.000000000000000000e+00 0.000000000000000000e+00 1.000000000000000000e+00
0 7 48390
1.049699999999999939e-01 2.907989999999999742e-01 9.510089999999999932e-01 -2.708070000000000199e+00
-9.869069999999999787e-01 1.482189999999999896e-01 6.361029999999999462e-02 2.324590000000000156e+00
-1.224589999999999984e-01 -9.452340000000000186e-01 3.025499999999999856e-01 7.834359999999999935e-02
0.000000000000000000e+00 0.000000000000000000e+00 0.000000000000000000e+00 1.000000000000000000e+00
0 8 76190
-3.780350000000000099e-01 7.414800000000000280e-01 5.543430000000000302e-01 -2.725369999999999848e+00
-8.529980000000000340e-01 -4.623370000000000257e-02 -5.198620000000000463e-01 8.005060000000000509e-01
-3.598379999999999912e-01 -6.693799999999999750e-01 6.499589999999999534e-01 1.245480000000000059e-01
0.000000000000000000e+00 0.000000000000000000e+00 0.000000000000000000e+00 1.000000000000000000e+00
0 9 31781
9.301669999999999661e-01 3.665669999999999762e-01 2.046809999999999949e-02 -2.867459999999999898e+00
-1.767930000000000057e-01 3.983590000000000186e-01 9.000310000000000255e-01 1.339639999999999942e+00
3.217679999999999985e-01 -8.407970000000000166e-01 4.353469999999999840e-01 -6.791899999999999604e-01
0.000000000000000000e+00 0.000000000000000000e+00 0.000000000000000000e+00 1.000000000000000000e+00
0 10 43758
5.720040000000000020e-03 -4.733939999999999815e-01 -8.808319999999999483e-01 -1.506170000000000009e+00
9.965370000000000061e-01 -7.037590000000000512e-02 4.429430000000000173e-02 -1.969180000000000097e-01
-8.295810000000000684e-02 -8.780350000000000099e-01 4.713519999999999932e-01 -2.605219999999999758e-01
0.000000000000000000e+00 0.000000000000000000e+00 0.000000000000000000e+00 1.000000000000000000e+00
0 11 97215
-6.859720000000000262e-01 2.505149999999999877e-01 -6.831450000000000022e-01 1.049700000000000077e+00
6.990579999999999572e-01 -3.361009999999999692e-02 -7.142760000000000220e-01 2.055219999999999825e+00
-2.018969999999999931e-01 -9.675300000000000011e-01 -1.520690000000000097e-01 1.729149999999999965e+00
0.000000000000000000e+00 0.000000000000000000e+00 0.000000000000000000e+00 1.000000000000000000e+00
0 12 125696
-7.525380000000000402e-01 2.294120000000000048e-01 -6.172990000000000421e-01 9.495620000000000172e-01
6.578800000000000203e-01 2.196450000000000069e-01 -7.203819999999999668e-01 1.609969999999999901e+00
-2.967819999999999833e-02 -9.482230000000000381e-01 -3.162170000000000258e-01 2.161150000000000126e+00
0.000000000000000000e+00 0.000000000000000000e+00 0.000000000000000000e+00 1.000000000000000000e+00
0 13 52760
8.237130000000000285e-01 2.247490000000000043e-01 5.205629999999999979e-01 -2.160089999999999844e+00
-5.522329999999999739e-01 5.262099999999999556e-01 6.466389999999999638e-01 2.604690000000000061e-01
-1.285940000000000139e-01 -8.201169999999999849e-01 5.575599999999999445e-01 3.022869999999999724e-01
0.000000000000000000e+00 0.000000000000000000e+00 0.000000000000000000e+00 1.000000000000000000e+00
0 14 158282
9.804910000000000014e-02 8.451459999999999528e-01 5.254670000000000174e-01 -3.753699999999999815e+00
-9.883969999999999700e-01 2.114800000000000013e-02 1.504159999999999942e-01 -1.884020000000000028e+00
1.160100000000000020e-01 -5.341169999999999529e-01 8.374129999999999630e-01 -1.258280000000000065e+00
0.000000000000000000e+00 0.000000000000000000e+00 0.000000000000000000e+00 1.000000000000000000e+00
