0 1 43168
5.279199999999999449e-01 7.072929999999999495e-01 4.701469999999999816e-01 1.388910000000000089e+00
-8.189469999999999805e-01 2.772830000000000017e-01 5.024349999999999650e-01 -1.426749999999999963e-01
2.250060000000000116e-01 -6.502710000000000434e-01 7.256190000000000140e-01 -1.555539999999999978e-01
0.000000000000000000e+00 0.000000000000000000e+00 0.000000000000000000e+00 1.000000000000000000e+00
0 2 30924
5.219519999999999715e-01 7.086780000000000301e-01 4.747020000000000128e-01 1.425100000000000033e+00
-8.089960000000000484e-01 2.348999999999999977e-01 5.388399999999999856e-01 -3.272289999999999802e-05
2.703559999999999852e-01 -6.652799999999999825e-01 6.959239999999999871e-01 -1.347899999999999932e-01
0.000000000000000000e+00 0.000000000000000000e+00 0.000000000000000000e+00 1.000000000000000000e+00
0 3 42157
6.210729999999999862e-01 5.425320000000000142e-01 5.656210000000000404e-01 1.331739999999999924e+00
-7.803799999999999626e-01 3.611869999999999803e-01 5.104419999999999513e-01 1.747980000000000089e-01
7.263609999999999511e-02 -7.584220000000000406e-01 6.477039999999999464e-01 -2.843570000000000264e-01
0.000000000000000000e+00 0.000000000000000000e+00 0.000000000000000000e+00 1.000000000000000000e+00
0 4 30549
3.126299999999999912e-02 7.334829999999999961e-01 6.789889999999999537e-01 -5.466180000000000483e-01
-9.803779999999999717e-01 -1.097769999999999996e-01 1.637280000000000124e-01 -7.373619999999999619e-01
1.946289999999999965e-01 -6.707840000000000469e-01 7.156590000000000451e-01 -6.688500000000000001e-02
0.000000000000000000e+00 0.000000000000000000e+00 0.000000000000000000e+00 1.000000000000000000e+00
0 5 51095
-3.579410000000000092e-01 -9.175649999999999640e-01 -1.730720000000000036e-01 -1.712019999999999931e-01
9.227229999999999599e-01 -3.191919999999999757e-01 -2.161019999999999885e-01 3.795790000000000219e+00
1.430450000000000055e-01 -2.370490000000000097e-01 9.609090000000000131e-01 3.852209999999999662e-02
0.000000000000000000e+00 0.000000000000000000e+00 0.000000000000000000e+00 1.000000000000000000e+00
0 6 37864
9.594770000000000243e-01 2.714699999999999891e-01 -7.555560000000000054e-02 4.829680000000000084e-01
4.821870000000000323e-02 1.060050000000000020e-01 9.931959999999999678e-01 4.639460000000000112e-02
2.776319999999999899e-01 -9.565919999999999979e-01 8.861890000000000045e-02 -3.355509999999999882e-01
0.000000000000000000e+00 0.000000000000000000e+00 0.000000000000000000e+00 1.000000000000000000e+00
0 7 48390
1.049699999999999939e-01 2.907989999999999742e-01 9.510089999999999932e-01 -2.708070000000000199e+00
-9.869069999999999787e-01 1.482189999999999896e-01 6.361029999999999462e-02 2.324590000000000156e+00
-1.224589999999999984e-01 -9.452340000000000186e-01 3.025499999999999856e-01 7.834359999999999935e-02
0.000000000000000000e+00 0.000000000000000000e+00 0.000000000000000000e+00 1.000000000000000000e+00
0 8 76190
-3.780350000000000099e-01 7.414800000000000280e-01 5.543430000000000302e-01 -2.725369999999999848e+00
-8.529980000000000340e-01 -4.623370000000000257e-02 -5.198620000000000463e-01 8.005060000000000509e-01
-3.598379999999999912e-01 -6.693799999999999750e-01 6.499589999999999534e-01 1.245480000000000059e-01
0.000000000000000000e+00 0.000000000000000000e+00 0.000000000000000000e+00 1.000000000000000000e+00
0 9 31781
9.301669999999999661e-01 3.665669999999999762e-01 2.046809999999999949e-02 -2.867459999999999898e+00
-1.767930000000000057e-01 3.983590000000000186e-01 9.000310000000000255e-01 1.339639999999999942e+00
3.217679999999999985e-01 -8.407970000000000166e-01 4.353469999999999840e-01 -6.791899999999999604e-01
0.000000000000000000e+00 0.000000000000000000e+00 0.000000000000000000e+00 1.000000000000000000e+00
0 10 43758
5.720040000000000020e-03 -4.733939999999999815e-01 -8.808319999999999483e-01 -1.506170000000000009e+00
9.965370000000000061e-01 -7.037590000000000512e-02 4.429430000000000173e-02 -1.969180000000000097e-01
-8.295810000000000684e-02 -8.780350000000000099e-01 4.713519999999999932e-01 -2.605219999999999758e-01
0.000000000000000000e+00 0.000000000000000000e+00 0.000000000000000000e+00 1.000000000000000000e+00
0 11 97215
-6.859720000000000262e-01 2.505149999999999877e-01 -6.831450000000000022e-01 1.049700000000000077e+00
6.990579999999999572e-01 -3.361009999999999692e-02 -7.142760000000000220e-01 2.055219999999999825e+00
-2.018969999999999931e-01 -9.675300000000000011e-01 -1.520690000000000097e-01 1.729149999999999965e+00
0.000000000000000000e+00 0.000000000000000000e+00 0.000000000000000000e+00 1.000000000000000000e+00
0 12 125696
-7.525380000000000402e-01 2.294120000000000048e-01 -6.172990000000000421e-01 9.495620000000000172e-01
6.578800000000000203e-01 2.196450000000000069e-01 -7.203819999999999668e-01 1.609969999999999901e+00
-2.967819999999999833e-02 -9.482230000000000381e-01 -3.162170000000000258e-01 2.161150000000000126e+00
0.000000000000000000e+00 0.000000000000000000e+00 0.000000000000000000e+00 1.000000000000000000e+00
0 13 52760
8.237130000000000285e-01 2.247490000000000043e-01 5.205629999999999979e-01 -2.160089999999999844e+00
-5.522329999999999739e-01 5.262099999999999556e-01 6.466389999999999638e-01 2.604690000000000061e-01
-1.285940000000000139e-01 -8.201169999999999849e-01 5.575599999999999445e-01 3.022869999999999724e-01
0.000000000000000000e+00 0.000000000000000000e+00 0.000000000000000000e+00 1.000000000000000000e+00
0 14 158282
9.804910000000000014e-02 8.451459999999999528e-01 5.254670000000000174e-01 -3.753699999999999815e+00
-9.883969999999999700e-01 2.114800000000000013e-02 1.504159999999999942e-01 -1.884020000000000028e+00
1.160100000000000020e-01 -5.341169999999999529e-01 8.374129999999999630e-01 -1.258280000000000065e+00
0.000000000000000000e+00 0.000000000000000000e+00 0.000000000000000000e+00 1.000000000000000000e+00
1 2 6507
9.989039945899150785e-01 3.206347006176796244e-02 -3.409056643721317115e-02 -9.303894405484813834e-02
-3.095160001914895598e-02 9.989874415794776086e-01 3.262592237633787917e-02 5.164688843161147069e-02
3.510062429077734358e-02 -3.153433209630618350e-02 9.988854662865157552e-01 1.037497563229706210e-01
0.000000000000000000e+00 0.000000000000000000e+00 0.000000000000000000e+00 1.000000000000000000e+00
1 3 559
9.833090790015837079e-01 -1.800278310931153203e-01 2.631405411865470056e-02 -3.191556725690096186e-01
1.756618367029159078e-01 9.770581250355203640e-01 1.204139835983923934e-01 1.313503248186098649e-01
-4.738925581495043171e-02 -1.137816041367296083e-01 9.923732722923301885e-01 3.916965836366598230e-02
0.000000000000000000e+00 0.000000000000000000e+00 0.000000000000000000e+00 1.000000000000000000e+00
1 5 1074
-9.124386443467034091e-01 -2.763363670022691565e-01 3.018165962088506515e-01 -4.005335965100789153e+00
-9.033214435038096346e-02 -5.833474894772965325e-01 -8.071834004317868239e-01 -1.375912266811132323e-01
3.991196423619114975e-01 -7.637694364896436827e-01 5.073054839678301509e-01 1.386167037520123158e+00
0.000000000000000000e+00 0.000000000000000000e+00 0.000000000000000000e+00 1.000000000000000000e+00
1 12 27107
-9.427253842302717457e-01 -2.721207386287246566e-01 1.929197127714047388e-01 -1.145993501264333636e+00
-3.305473273903493103e-01 8.397653592591152183e-01 -4.307338905730255796e-01 -1.331251850735557074e+00
-4.479578583985999174e-02 -4.698321586856478160e-01 -8.816181090195471803e-01 2.355071933777673099e+00
0.000000000000000000e+00 0.000000000000000000e+00 0.000000000000000000e+00 1.000000000000000000e+00
2 3 5644
9.751313316038515699e-01 -2.140672766595385079e-01 5.739258107413297560e-02 -2.306029993578901927e-01
2.085058783719833386e-01 9.738863796883060475e-01 8.984139000090130001e-02 7.440956513657659421e-02
-7.512561073303655745e-02 -7.564115718440189706e-02 9.943000259955412368e-01 -5.419974021809370601e-02
0.000000000000000000e+00 0.000000000000000000e+00 0.000000000000000000e+00 1.000000000000000000e+00
2 12 12694
-9.330338542310344652e-01 -3.143078816517421159e-01 1.750940604516153520e-01 -9.299702845755770664e-01
-3.590265205134834381e-01 8.450077691741351149e-01 -3.963111055429942020e-01 -1.486256506907885688e+00
-2.339344938919301481e-02 -4.326351867042853572e-01 -9.012659171160928295e-01 2.239592710326179681e+00
0.000000000000000000e+00 0.000000000000000000e+00 0.000000000000000000e+00 1.000000000000000000e+00
3 4 1946
7.986205730779428746e-01 4.924907732588023612e-01 3.459142458674952514e-01 -4.389694972255228089e-01
-4.847492678929605781e-01 8.670244338739317991e-01 -1.152613277771361022e-01 -1.513464378549002731e+00
-3.566817451522018012e-01 -7.563054090752663328e-02 9.311605478897041488e-01 -1.387188667370386375e+00
0.000000000000000000e+00 0.000000000000000000e+00 0.000000000000000000e+00 1.000000000000000000e+00
3 5 2777
-9.319912217481836070e-01 -3.380019655294448921e-01 1.309480214397832354e-01 -3.735731330204633771e+00
3.059281243050930577e-02 -4.333131514023881303e-01 -9.007238188127965062e-01 2.475829960546944708e-01
3.611888602991412123e-01 -8.354620047807465033e-01 4.141840814758887546e-01 1.207342313012842894e+00
0.000000000000000000e+00 0.000000000000000000e+00 0.000000000000000000e+00 1.000000000000000000e+00
3 12 15743
-9.829325322007622656e-01 -9.780021064498127525e-02 1.558150189299656596e-01 -1.179706846252223329e+00
-1.481495031461928513e-01 9.229484120900635080e-01 -3.552712354587150845e-01 -1.543702152505938008e+00
-1.090647221152781232e-01 -3.722916540972417976e-01 -9.216869376066358921e-01 2.100370895574525942e+00
0.000000000000000000e+00 0.000000000000000000e+00 0.000000000000000000e+00 1.000000000000000000e+00
3 13 6891
9.331963419262746529e-01 -3.306281803453858803e-01 -1.408173496685960480e-01 -2.192924426597562260e+00
3.449594713845748339e-01 9.339875783488891248e-01 9.311428371633928558e-02 -2.308408383557496890e+00
1.007359988430532038e-01 -1.354704174794247873e-01 9.856482967172912613e-01 -1.551354052362900804e+00
0.000000000000000000e+00 0.000000000000000000e+00 0.000000000000000000e+00 1.000000000000000000e+00
4 5 4624
-8.879680421977772520e-01 2.381064717148335952e-01 3.934720244571711101e-01 -4.411955621493828694e+00
-4.597901108018122573e-01 -4.789693167774187188e-01 -7.477854242086864334e-01 -2.929817016538397989e-01
1.040926251305213102e-02 -8.449224821718310796e-01 5.347874271958092951e-01 1.072541773237747798e+00
0.000000000000000000e+00 0.000000000000000000e+00 0.000000000000000000e+00 1.000000000000000000e+00
4 13 13116
5.421215041353821817e-01 -6.684776164381062147e-01 -5.091594562855192851e-01 -9.568434138229765518e-01
7.510609870521396392e-01 6.572056470206909529e-01 -6.316504494920732737e-02 -1.540628355243618630e+00
3.768458538359988341e-01 -3.481669863149078337e-01 8.583516651173046519e-01 -6.679541148155521135e-01
0.000000000000000000e+00 0.000000000000000000e+00 0.000000000000000000e+00 1.000000000000000000e+00
4 14 1063
9.946480591876960542e-01 -9.826580600246763442e-02 3.194809229917483506e-02 7.920155821214616143e-01
1.026031995807603348e-01 9.758561516448902573e-01 -1.928151422874408438e-01 -1.427293054378628634e+00
-1.223036737337390711e-02 1.950608717020541061e-01 9.807152042240299128e-01 -3.217942546549449112e+00
0.000000000000000000e+00 0.000000000000000000e+00 0.000000000000000000e+00 1.000000000000000000e+00
5 8 7346
-7.032384251113737994e-01 -4.038176879305944711e-01 -5.851370213885391802e-01 -1.837267383216110161e+00
7.044399429173728855e-01 -5.069220476650495577e-01 -4.967818385544847670e-01 3.279288263604358988e+00
-9.600958618487620555e-02 -7.615510556222497840e-01 6.409538126680274228e-01 1.172004650212765453e+00
0.000000000000000000e+00 0.000000000000000000e+00 0.000000000000000000e+00 1.000000000000000000e+00
5 12 1157
8.721588882464705872e-01 -1.508251872641339086e-02 -4.889886940059900433e-01 -2.114441036849487254e+00
4.875473653232599847e-01 -5.583364658909589773e-02 8.713097743660871419e-01 -8.338447726484201628e-01
-4.044457151166545167e-02 -9.983264088473298159e-01 -4.134262616148515201e-02 2.318040572629249674e+00
0.000000000000000000e+00 0.000000000000000000e+00 0.000000000000000000e+00 1.000000000000000000e+00
5 13 11023
-8.227924624602049875e-01 2.877855742219487811e-01 4.900929049473904953e-01 -2.512483463036510933e+00
-5.490583082655290381e-01 -1.797752911888718386e-01 -8.162203035173709598e-01 2.890849968741140419e+00
-1.467895244226200269e-01 -9.406705946823367137e-01 3.059295455483413972e-01 1.361665039259884580e+00
0.000000000000000000e+00 0.000000000000000000e+00 0.000000000000000000e+00 1.000000000000000000e+00
5 14 1320
-9.305166049615248847e-01 -3.594008201343678599e-01 7.049317226646285850e-02 -4.144062264986922983e+00
1.980212669181260210e-01 -6.556138237847801697e-01 -7.286688807983586758e-01 5.407521749618828366e+00
3.081004455764241867e-01 -6.640786078580153129e-01 6.812289973855729652e-01 6.013398874611938227e-01
0.000000000000000000e+00 0.000000000000000000e+00 0.000000000000000000e+00 1.000000000000000000e+00
6 7 5673
1.913057586782071495e-02 2.373455488753439813e-02 9.995353448493438098e-01 -2.836964037425727891e+00
4.102290688155549314e-02 9.988571438998634644e-01 -2.450355921868635489e-02 -1.020699028959248134e+00
-9.989751114005462895e-01 4.147288055845915755e-02 1.813489468573151187e-02 2.540474708311597052e+00
0.000000000000000000e+00 0.000000000000000000e+00 0.000000000000000000e+00 1.000000000000000000e+00
6 8 6231
-5.037483838843808126e-01 5.233619645575622314e-01 6.872613865792801535e-01 -2.914224141354852193e+00
1.511712452442941501e-01 8.367110945512747922e-01 -5.263651837893125185e-01 -1.231153664969277806e+00
-8.505197520470438866e-01 -1.612623219770514815e-01 -5.006096574225675777e-01 1.032162779410927600e+00
0.000000000000000000e+00 0.000000000000000000e+00 0.000000000000000000e+00 1.000000000000000000e+00
6 9 3768
9.732815925852403849e-01 1.374885633078736513e-01 1.839029702041076741e-01 -3.247703218226041244e+00
-7.402908280145681363e-02 9.460382973260585970e-01 -3.154853068326994858e-01 -4.437278224218701439e-01
-2.173548022807396674e-01 2.934412648705571058e-01 9.309405774906660547e-01 1.507137357565381253e+00
0.000000000000000000e+00 0.000000000000000000e+00 0.000000000000000000e+00 1.000000000000000000e+00
6 14 26464
7.862488798772729326e-02 6.636294010139379695e-01 7.439185253909527118e-01 -4.414243279906552075e+00
-1.891311177591025183e-01 7.426046659274233575e-01 -6.424685506295501058e-01 -4.720847695656742449e-01
-9.787990947893067117e-01 -9.018477179761828777e-02 1.839013593582905504e-01 -1.678945728296691753e+00
0.000000000000000000e+00 0.000000000000000000e+00 0.000000000000000000e+00 1.000000000000000000e+00
7 8 6566
8.462125605668142647e-01 2.054337199710046802e-01 4.916509248431166768e-01 1.496654325573264277e+00
1.037691334908616703e-01 8.414895328927387563e-01 -5.302139847059598177e-01 -2.746017361004370327e-01
-5.226426802824238882e-01 4.996917040101283014e-01 6.907611799233515093e-01 -9.942060937294394662e-02
0.000000000000000000e+00 0.000000000000000000e+00 0.000000000000000000e+00 1.000000000000000000e+00
7 14 17255
9.715411599952651356e-01 1.332518528146444392e-01 -1.958375060798074330e-01 4.207427325404404783e+00
-2.276424218865077398e-01 7.537675032586153012e-01 -6.164515885824592978e-01 3.355614686679723180e-01
6.547215965093028389e-02 6.434888805783590682e-01 7.626505832451512257e-01 -1.666508503994049928e+00
0.000000000000000000e+00 0.000000000000000000e+00 0.000000000000000000e+00 1.000000000000000000e+00
8 14 39247
7.642901319177364261e-01 -1.453387042411206365e-01 -6.282829832715045582e-01 3.176235849426523483e+00
4.074386994210837942e-02 9.832086593060078705e-01 -1.778783151758512870e-01 2.872662075761120981e-01
6.435848478917332027e-01 1.103528433478715431e-01 7.573781134704452578e-01 -7.324675923675338929e-02
0.000000000000000000e+00 0.000000000000000000e+00 0.000000000000000000e+00 1.000000000000000000e+00
9 10 9895
-1.975534293368704786e-01 -7.104161185901763931e-01 -6.754852325437913363e-01 1.672592226860328157e+00
4.688268197429921180e-01 5.366831224086003882e-01 -7.015497274638036185e-01 -4.651119939793346703e-01
8.609142945979061379e-01 -4.552788168557314052e-01 2.270387210725396399e-01 -1.172819440249356360e+00
0.000000000000000000e+00 0.000000000000000000e+00 0.000000000000000000e+00 1.000000000000000000e+00
9 11 7688
-8.266203328950502138e-01 -7.235705273180945141e-02 -5.580901166208767084e-01 4.292025055454512739e+00
1.967755064194259829e-01 8.919371648766042382e-01 -4.070973019916788171e-01 -3.039647993027367878e-01
5.272374146276619378e-01 -4.463329790714921086e-01 -7.230545968568321546e-01 1.772680162254865355e+00
0.000000000000000000e+00 0.000000000000000000e+00 0.000000000000000000e+00 1.000000000000000000e+00
9 14 7981
3.032718902514000558e-01 6.105258515281518639e-01 7.316312870249521705e-01 -4.407620201711091035e-01
-4.553357700694744548e-01 7.673105083681713845e-01 -4.515553950837094543e-01 -1.122142504270510655e+00
-8.370751126102083939e-01 -1.961936310347308643e-01 5.106984601165447391e-01 -3.171633059276197208e+00
0.000000000000000000e+00 0.000000000000000000e+00 0.000000000000000000e+00 1.000000000000000000e+00
10 11 18851
7.094617600978030403e-01 4.820362500381129151e-02 -7.030942629168799307e-01 2.093897882497838037e+00
4.528108288547335603e-01 7.332980133968691749e-01 5.071865866728375583e-01 -3.115431545949557623e+00
5.400260437079625886e-01 -6.781976053218214950e-01 4.984198867445138736e-01 -1.213700477608615547e+00
0.000000000000000000e+00 0.000000000000000000e+00 0.000000000000000000e+00 1.000000000000000000e+00
10 12 3874
6.537587014768846405e-01 2.988591311248856019e-01 -6.951850800486084614e-01 1.613779469683764622e+00
3.360066269184128762e-01 7.085127572240660365e-01 6.205728468670725917e-01 -3.416002930296037299e+00
6.780112493408284591e-01 -6.392912632703284803e-01 3.627786584330811026e-01 -9.415936588335435120e-01
0.000000000000000000e+00 0.000000000000000000e+00 0.000000000000000000e+00 1.000000000000000000e+00
10 14 10097
-9.940365414575961234e-01 7.021835332271481045e-02 8.343064396444854758e-02 -1.611342462253041674e+00
-7.871728184203222178e-02 6.739783145073485748e-02 -9.946164240952902746e-01 2.058765231030868392e+00
-7.546358426836458078e-02 -9.952523037674028128e-01 -6.146952643765407620e-02 1.434673069193202144e+00
0.000000000000000000e+00 0.000000000000000000e+00 0.000000000000000000e+00 1.000000000000000000e+00
11 12 13687
9.821061159019254250e-01 1.876176926782345267e-01 -1.629588458707988130e-02 -3.297827364669049799e-01
-1.819183419183041106e-01 9.675214823263733610e-01 1.755184467366673606e-01 -4.280935408187909186e-01
4.869746545295735446e-02 -1.694132866915258884e-01 9.843408415873710071e-01 3.207457712805581451e-01
0.000000000000000000e+00 0.000000000000000000e+00 0.000000000000000000e+00 1.000000000000000000e+00
11 14 9890
-7.816263994892806988e-01 -4.571249072843313055e-01 -4.243764689667439138e-01 1.144390229679225657e+00
-5.446047491421386610e-02 7.277838861576155782e-01 -6.836392028875504234e-01 1.819498964286681453e+00
6.213637787546223423e-01 -5.112389505296496273e-01 -5.937516921609897746e-01 6.549403316140438136e+00
0.000000000000000000e+00 0.000000000000000000e+00 0.000000000000000000e+00 1.000000000000000000e+00
13 14 3299
6.116713630232765153e-01 7.531625436853167654e-01 2.420827645659215377e-01 7.226062630216523175e-02
-5.932095799390373347e-01 6.391116939994226920e-01 -4.895272122544020998e-01 -2.067676853563122918e-01
-5.234127157870871461e-01 1.558245736609409349e-01 8.377103850601670398e-01 -3.086391439186208174e+00
0.000000000000000000e+00 0.000000000000000000e+00 0.000000000000000000e+00 1.000000000000000000e+00
