15
part0.ply
1 0 0 0
0 1 0 0
0 0 1 0
0 0 0 1
part1.ply
 0.530425  0.704855  0.470987   1.39525
 -0.81893  0.282454  0.499573 -0.153777
 0.219095 -0.650692  0.727048 -0.155481
        0         0         0         1
part2.ply
 0.497513  0.717649    0.4873   1.36732
-0.822106  0.210817  0.528865 0.0651367
 0.276808 -0.663729  0.694868 -0.130476
        0         0         0         1
part3.ply
 0.621727  0.540715  0.566641   1.33694
-0.779783   0.35949  0.512547  0.179601
0.0734399 -0.760522  0.645145  -0.27941
        0         0         0         1
part4.ply
  0.033293   0.744542   0.666745  -0.540949
 -0.980187  -0.106006    0.16732  -0.748055
  0.195255  -0.659105   0.726261 -0.0937229
         0          0          0          1
part5.ply
   0.98272 -0.0834052  -0.165245   -0.52743
 -0.121236   -0.96462  -0.234118    4.13117
 -0.139872   0.250107  -0.958062   0.652333
         0          0          0          1
part6.ply
  0.957114   0.274759 -0.0918761   0.649431
 0.0630385   0.112022   0.991705  0.0695632
  0.282772  -0.954966  0.0898969  -0.312149
         0          0          0          1
part7.ply
 0.104207  0.283819  0.953199  -2.84097
-0.988172  0.137962 0.0669512   2.38246
-0.112503 -0.948901  0.294839 0.0717986
        0         0         0         1
part8.ply
1 0 0 0
0 1 0 0
0 0 1 0
0 0 0 1
part9.ply
  0.937204   0.348262 -0.0190038   -2.87343
 -0.137963   0.420211   0.896877    1.41295
  0.320335  -0.837935   0.441871  -0.657704
         0          0          0          1
part10.ply
 0.854448 -0.297762 -0.425742  -2.43729
-0.514834 -0.375267 -0.770792   2.33763
0.0697456  0.877788 -0.473944  0.918646
        0         0         0         1
part11.ply
  0.840273 -0.0752897  -0.536911  -0.203219
 -0.505993   0.246757  -0.826488    6.07379
  0.194713   0.966148   0.169248   -1.15173
         0          0          0          1
part12.ply
 -0.751839   0.224048  -0.620114   0.986594
  0.659111   0.230216  -0.715943    1.56053
-0.0176458  -0.946997  -0.320758    2.18234
         0          0          0          1
part13.ply
-0.693938 -0.323047 -0.643499  -1.53338
-0.708174  0.467756  0.528861   1.83786
 0.130153  0.822706 -0.553368  0.333214
        0         0         0         1
part14.ply
 0.116474  0.849566  0.514462  -3.66464
-0.986492 0.0388846  0.159128  -1.94867
 0.115185 -0.526047  0.842619  -1.26689
        0         0         0         1
