15
part0.ply
1 0 0 0
0 1 0 0
0 0 1 0
0 0 0 1
part1.ply
  0.52792  0.707293  0.470147   1.38891
-0.818947  0.277283  0.502435 -0.142675
 0.225006 -0.650271  0.725619 -0.155554
        0         0         0         1
part2.ply
     0.521952      0.708678      0.474702        1.4251
    -0.808996        0.2349       0.53884 -3.27229e-005
     0.270356      -0.66528      0.695924      -0.13479
            0             0             0             1
part3.ply
 0.621073  0.542532  0.565621   1.33174
 -0.78038  0.361187  0.510442  0.174798
0.0726361 -0.758422  0.647704 -0.284357
        0         0         0         1
part4.ply
 0.031263  0.733483  0.678989 -0.546618
-0.980378 -0.109777  0.163728 -0.737362
 0.194629 -0.670784  0.715659 -0.066885
        0         0         0         1
part5.ply
-0.357941 -0.917565 -0.173072 -0.171202
 0.922723 -0.319192 -0.216102   3.79579
 0.143045 -0.237049  0.960909 0.0385221
        0         0         0         1
part6.ply
  0.959477    0.27147 -0.0755556   0.482968
 0.0482187   0.106005   0.993196  0.0463946
  0.277632  -0.956592  0.0886189  -0.335551
         0          0          0          1
part7.ply
  0.10497  0.290799  0.951009  -2.70807
-0.986907  0.148219 0.0636103   2.32459
-0.122459 -0.945234   0.30255 0.0783436
        0         0         0         1
part8.ply
 -0.378035    0.74148   0.554343   -2.72537
 -0.852998 -0.0462337  -0.519862   0.800506
 -0.359838   -0.66938   0.649959   0.124548
         0          0          0          1
part9.ply
 0.930167  0.366567 0.0204681  -2.86746
-0.176793  0.398359  0.900031   1.33964
 0.321768 -0.840797  0.435347  -0.67919
        0         0         0         1
part10.ply
0.00572004  -0.473394  -0.880832   -1.50617
  0.996537 -0.0703759  0.0442943  -0.196918
-0.0829581  -0.878035   0.471352  -0.260522
         0          0          0          1
part11.ply
 -0.685972   0.250515  -0.683145     1.0497
  0.699058 -0.0336101  -0.714276    2.05522
 -0.201897   -0.96753  -0.152069    1.72915
         0          0          0          1
part12.ply
 -0.752538   0.229412  -0.617299   0.949562
   0.65788   0.219645  -0.720382    1.60997
-0.0296782  -0.948223  -0.316217    2.16115
         0          0          0          1
part13.ply
 0.823713  0.224749  0.520563  -2.16009
-0.552233   0.52621  0.646639  0.260469
-0.128594 -0.820117   0.55756  0.302287
        0         0         0         1
part14.ply
0.0980491  0.845146  0.525467   -3.7537
-0.988397  0.021148  0.150416  -1.88402
  0.11601 -0.534117  0.837413  -1.25828
        0         0         0         1