0 1 176119
8.459919999999999662e-01 -5.331730000000000080e-01 -5.148660000000000216e-03 -6.820120000000000182e+00
5.331320000000000503e-01 8.459999999999999742e-01 -7.523499999999999806e-03 4.384559999999999569e+00
8.367080000000000697e-03 3.619900000000000114e-03 9.999590000000000423e-01 -5.898910000000000264e-03
0.000000000000000000e+00 0.000000000000000000e+00 0.000000000000000000e+00 1.000000000000000000e+00
0 2 181506
-6.999429999999999819e-01 -7.140079999999999760e-01 1.651270000000000168e-02 6.203319999999999723e+00
7.141440000000000010e-01 -6.999900000000000011e-01 3.749109999999999943e-03 -3.488989999999999814e+00
8.881860000000000102e-03 1.441659999999999990e-02 9.998569999999999958e-01 1.468440000000000023e-02
0.000000000000000000e+00 0.000000000000000000e+00 0.000000000000000000e+00 1.000000000000000000e+00
1 2 149604
-2.113382492778332622e-01 -9.771093765324820879e-01 2.433421910031010466e-02 6.820239997010666855e+00
9.773861626730010466e-01 -2.114491559500629725e-01 -2.012985102327811710e-03 -1.360465974731948791e+01
7.112395476722123237e-03 2.335853482174872486e-02 9.997016682152187750e-01 1.276584754488314932e-02
0.000000000000000000e+00 0.000000000000000000e+00 0.000000000000000000e+00 1.000000000000000000e+00
