26
part0.ply
1 0 0 0
0 1 0 0
0 0 1 0
0 0 0 1
part1.ply
   0.999739    0.022214  0.00544357    0.673475
 -0.0221826    0.999737 -0.00574118    0.550583
-0.00556988   0.0056189    0.999969    0.222578
          0           0           0           1
part2.ply
   0.999743   0.0225566  0.00236809    0.651313
 -0.0225393    0.999721 -0.00704079    0.275413
-0.00252644  0.00698558    0.999972    0.207169
          0           0           0           1
part3.ply
    0.999702    0.0244348   0.00021247     0.965164
  -0.0244328      0.99968  -0.00653124     0.143557
-0.000372189   0.00652405     0.999979     0.379601
           0            0            0            1
part4.ply
   0.999416   0.0335721  0.00639193    0.538532
 -0.0335391    0.999423 -0.00518391    0.303336
-0.00656244  0.00496648    0.999966    0.721003
          0           0           0           1
part5.ply
   0.999469   0.0317428  0.00741933    0.580946
 -0.0317074    0.999485  -0.0048224    0.300725
-0.00756868  0.00458452    0.999962    0.612717
          0           0           0           1
part6.ply
   0.999386   0.0333441   0.0107319    0.550427
 -0.0332964    0.999434 -0.00457308    0.296293
 -0.0108786  0.00421287    0.999933    0.594789
          0           0           0           1
part7.ply
   0.999482   0.0306439  0.00986439    0.881266
 -0.0305829    0.999512 -0.00626295    0.148079
 -0.0100519  0.00595793    0.999933    0.545681
          0           0           0           1
part8.ply
  0.999406  0.0319383  0.0129907   0.767436
-0.0317511   0.999392 -0.0143462   0.337986
-0.0134416   0.013925   0.999814   0.140768
         0          0          0          1
part9.ply
  0.999113  0.0357742  0.0222428   0.986971
-0.0355121   0.999295 -0.0120596   0.232105
-0.0226591  0.0112589   0.999682  -0.164882
         0          0          0          1
part10.ply
  0.999114  0.0348107  0.0237025    0.94103
-0.0345082   0.999318 -0.0130423   0.334697
-0.0241408  0.0122127   0.999637  -0.306237
         0          0          0          1
part11.ply
   0.998117   0.0531589   0.0306678     1.02713
 -0.0532468    0.998578  0.00206521    -1.11401
  -0.030515 -0.00369432    0.999531   -0.622129
          0           0           0           1
part12.ply
   0.998254   0.0498658   0.0317328     1.16705
 -0.0501253    0.998715  0.00744591    -0.81821
 -0.0313212 -0.00902368    0.999472   -0.628745
          0           0           0           1
part13.ply
   0.998467    0.047604   0.0283068     1.26852
 -0.0478111    0.998833  0.00670342   -0.396036
 -0.0279552 -0.00804687     0.99958   -0.384987
          0           0           0           1
part14.ply
  0.998301   0.050775  0.0286558    1.49011
-0.0510675   0.998648 0.00958424  -0.876822
-0.0281311 -0.0110316   0.999547  -0.479538
         0          0          0          1
part15.ply
  0.998345  0.0489786  0.0301942    1.51532
-0.0493979    0.99869  0.0133155  -0.682467
-0.0295032 -0.0147852   0.999459  -0.930592
         0          0          0          1
part16.ply
  0.998494  0.0498969  0.0228912    1.55481
-0.0501945   0.998659  0.0126318  -0.731059
-0.0222309 -0.0137622   0.999662  -0.395291
         0          0          0          1
part17.ply
  0.998643  0.0486617  0.0186789    1.50267
-0.0487636   0.998797 0.00505874  -0.593656
-0.0184109 -0.0059634   0.999817   0.219546
         0          0          0          1
part18.ply
   0.998759   0.0456893   0.0199193     1.32295
 -0.0458124    0.998934  0.00578994   -0.490028
 -0.0196343 -0.00669599    0.999789    0.123686
          0           0           0           1
part19.ply
   0.998621   0.0464707   0.0245142     1.37658
  -0.046634    0.998893  0.00615067   -0.536732
 -0.0242019 -0.00728608    0.999684   -0.114361
          0           0           0           1
part20.ply
   0.998749   0.0467217   0.0179453     1.40247
 -0.0468185    0.998891  0.00503161    -0.55933
 -0.0176912 -0.00586618     0.99983    0.241729
          0           0           0           1
part21.ply
    0.999845 -0.000498325   -0.0176212     0.202316
 0.000521392     0.999999   0.00130516    -0.614052
   0.0176206  -0.00131416     0.999844      0.45956
           0            0            0            1
part22.ply
    0.998993    0.0448665 7.39098e-005      0.71878
  -0.0448664     0.998988   0.00318049     0.510692
6.88732e-005  -0.00318064     0.999995    -0.151871
           0            0            0            1
part23.ply
  0.993345  0.0389786  0.0201942    0.51532
-0.0443979    0.99879  0.0123155  -0.682467
-0.0395032 -0.0157852   0.999459  -0.430592
         0          0          0          1
part24.ply
  0.998494  0.0498969  0.0228912    0.55481
-0.0501945   0.998659  0.0126318  -0.331059
-0.0222309 -0.0137622   0.999662  -0.395291
         0          0          0          1
part25.ply
   0.999903  0.00980815  0.00993812    0.539854
 -0.0098179    0.999952 0.000934541    0.319725
-0.00992846 -0.00103197     0.99995  0.00921682
          0           0           0           1
