12
part2.ply
1 0 0 0
0 1 0 0
0 0 1 0
0 0 0 1
part0.ply
    1.0000   -0.0001   -0.0076    0.0190
    0.0001    1.0000    0.0011   -0.0045
    0.0076   -0.0011    1.0000    0.3621
         0         0         0    1.0000
part1.ply
    1.0000    0.0000   -0.0001   -0.0317
   -0.0000    1.0000    0.0057    0.0135
    0.0001   -0.0057    1.0000    0.2054
         0         0         0    1.0000
part3.ply
    0.999999   -0.0013262  -0.00104752    0.0466843
  0.00132693     0.999999  0.000694901    0.0710373
  0.00104669 -0.000696197            1   0.00805163
           0            0            0            1
part4.ply
    0.999999   0.00144283    0.0010765    -0.177483
 -0.00144178     0.999999 -0.000917703    -0.182716
 -0.00107776  0.000916064     0.999999   -0.0294776
           0            0            0            1
part5.ply
      0.99997  9.70513e-005    0.00764388    -0.0217323
-8.84086e-005      0.999999   -0.00113147    0.00489807
  -0.00764403    0.00113074       0.99997      -0.36193
            0             0             0             1
part6.ply
    0.99997 -0.00158712  0.00763094   -0.144928
 0.00161907     0.99999 -0.00417948   0.0292435
-0.00762416  0.00419143    0.999962   -0.554716
          0           0           0           1
part7.ply
    0.999991   0.00367047   0.00228451    -0.158504
 -0.00366992     0.999993 -0.000180006    -0.331224
 -0.00228518  0.000171751     0.999997    -0.172447
           0            0            0            1
part8.ply
    0.999999 -0.000578657   0.00105909     0.100235
 0.000571325     0.999976   0.00691852    0.0567627
 -0.00106302  -0.00691791     0.999976    -0.412185
           0            0            0            1
part9.ply
    0.999997 -0.000965253   0.00252441    0.0850067
 0.000956833     0.999994   0.00333926     0.104767
  -0.0025278  -0.00333688     0.999991    -0.141632
           0            0            0            1
part10.ply
    0.999998 -0.000699028  -0.00170706     0.107094
 0.000706688      0.99999   0.00452131     0.181755
  0.00170378  -0.00452238     0.999988     0.331721
           0            0            0            1
part11.ply
    0.99967  -0.0015834  0.00689044   -0.056743
 0.00103564     0.99999 -0.00217934   0.0497834
-0.00652908  0.00872469    0.999973   -0.234931
          0           0           0           1
