0 1 37555
-6.536239999999999828e-01 -3.314790000000000236e-01 -6.803670000000000551e-01 6.123910000000000187e-01
7.468360000000000554e-01 -4.280510000000000148e-01 -5.089299999999999935e-01 -9.941969999999999974e-01
-1.225320000000000020e-01 -8.407710000000000461e-01 5.273449999999999527e-01 -3.014040000000000052e-01
0.000000000000000000e+00 0.000000000000000000e+00 0.000000000000000000e+00 1.000000000000000000e+00
0 2 57946
-7.411889999999999867e-01 6.038989999999999636e-01 2.931630000000000069e-01 9.013970000000000038e-01
-4.927000000000000268e-01 -1.927679999999999949e-01 -8.485789999999999722e-01 -1.083199999999999941e+00
-4.559449999999999892e-01 -7.733989999999999476e-01 4.404190000000000049e-01 -2.653460000000000263e-01
0.000000000000000000e+00 0.000000000000000000e+00 0.000000000000000000e+00 1.000000000000000000e+00
0 3 49550
7.924839999999999662e-01 1.632119999999999960e-01 5.876479999999999482e-01 1.207179999999999920e+00
-5.046380000000000310e-01 7.165740000000000443e-01 4.815200000000000036e-01 -1.098309999999999897e+00
-3.425039999999999751e-01 -6.781479999999999730e-01 6.502369999999999539e-01 -7.425040000000000529e-01
0.000000000000000000e+00 0.000000000000000000e+00 0.000000000000000000e+00 1.000000000000000000e+00
0 4 45594
-6.840709999999999846e-01 2.804340000000000166e-01 6.733540000000000081e-01 1.462779999999999914e-01
-7.290079999999999893e-01 -2.937730000000000063e-01 -6.182609999999999495e-01 2.428889999999999993e+00
2.443199999999999886e-02 -9.138150000000000439e-01 4.053979999999999806e-01 -9.247850000000000514e-02
0.000000000000000000e+00 0.000000000000000000e+00 0.000000000000000000e+00 1.000000000000000000e+00
0 5 51032
-9.086629999999999985e-01 -9.998450000000000393e-02 4.053849999999999953e-01 6.735470000000000068e-01
-3.744219999999999771e-01 -2.345399999999999985e-01 -8.971080000000000165e-01 2.824850000000000083e+00
1.847759999999999958e-01 -9.669529999999999514e-01 1.756820000000000048e-01 3.562290000000000179e-01
0.000000000000000000e+00 0.000000000000000000e+00 0.000000000000000000e+00 1.000000000000000000e+00
0 6 48261
7.134209999999999718e-01 6.579319999999999613e-01 2.411560000000000092e-01 2.289720000000000089e-01
-6.052039999999999642e-01 4.050540000000000251e-01 6.853160000000000363e-01 -8.568929999999999603e-02
3.532109999999999972e-01 -6.348679999999999879e-01 6.871570000000000178e-01 -9.092320000000000402e-01
0.000000000000000000e+00 0.000000000000000000e+00 0.000000000000000000e+00 1.000000000000000000e+00
0 7 25140
7.705400000000000027e-01 6.044610000000000261e-01 2.022289999999999921e-01 2.684010000000000007e-01
-5.341200000000000392e-01 4.391939999999999733e-01 7.223749999999999893e-01 -1.432259999999999922e-01
3.478289999999999993e-01 -6.646330000000000293e-01 6.612710000000000532e-01 -8.917110000000000314e-01
0.000000000000000000e+00 0.000000000000000000e+00 0.000000000000000000e+00 1.000000000000000000e+00
0 8 57878
-9.169079999999999453e-01 -1.967009999999999870e-01 3.472660000000000191e-01 2.072350000000000025e-01
-1.475740000000000107e-01 -6.413480000000000292e-01 -7.529270000000000129e-01 -8.986870000000000136e-01
3.708190000000000097e-01 -7.416099999999999914e-01 5.590270000000000516e-01 -3.292479999999999851e-01
0.000000000000000000e+00 0.000000000000000000e+00 0.000000000000000000e+00 1.000000000000000000e+00
0 9 69091
-9.226199999999999957e-01 -2.759719999999999951e-01 2.694719999999999893e-01 2.535099999999999854e-02
-3.208099999999999841e-02 -6.413069999999999604e-01 -7.666150000000000464e-01 -7.821139999999999759e-01
3.843779999999999974e-01 -7.159379999999999633e-01 5.828280000000000127e-01 -2.588860000000000050e-01
0.000000000000000000e+00 0.000000000000000000e+00 0.000000000000000000e+00 1.000000000000000000e+00
0 10 56513
5.907470000000000221e-01 6.184760000000000257e-01 5.181759999999999700e-01 1.342419999999999947e+00
-7.710669999999999469e-01 6.218879999999999963e-01 1.367929999999999979e-01 1.368929999999999980e+00
-2.376439999999999941e-01 -4.803580000000000072e-01 8.442650000000000432e-01 -4.341630000000000211e-01
0.000000000000000000e+00 0.000000000000000000e+00 0.000000000000000000e+00 1.000000000000000000e+00
