0 1 37555
-6.536239999999999828e-01 -3.314790000000000236e-01 -6.803670000000000551e-01 6.123910000000000187e-01
7.468360000000000554e-01 -4.280510000000000148e-01 -5.089299999999999935e-01 -9.941969999999999974e-01
-1.225320000000000020e-01 -8.407710000000000461e-01 5.273449999999999527e-01 -3.014040000000000052e-01
0.000000000000000000e+00 0.000000000000000000e+00 0.000000000000000000e+00 1.000000000000000000e+00
0 2 57946
-7.411889999999999867e-01 6.038989999999999636e-01 2.931630000000000069e-01 9.013970000000000038e-01
-4.927000000000000268e-01 -1.927679999999999949e-01 -8.485789999999999722e-01 -1.083199999999999941e+00
-4.559449999999999892e-01 -7.733989999999999476e-01 4.404190000000000049e-01 -2.653460000000000263e-01
0.000000000000000000e+00 0.000000000000000000e+00 0.000000000000000000e+00 1.000000000000000000e+00
0 3 49550
7.924839999999999662e-01 1.632119999999999960e-01 5.876479999999999482e-01 1.207179999999999920e+00
-5.046380000000000310e-01 7.165740000000000443e-01 4.815200000000000036e-01 -1.098309999999999897e+00
-3.425039999999999751e-01 -6.781479999999999730e-01 6.502369999999999539e-01 -7.425040000000000529e-01
0.000000000000000000e+00 0.000000000000000000e+00 0.000000000000000000e+00 1.000000000000000000e+00
0 4 45594
-6.840709999999999846e-01 2.804340000000000166e-01 6.733540000000000081e-01 1.462779999999999914e-01
-7.290079999999999893e-01 -2.937730000000000063e-01 -6.182609999999999495e-01 2.428889999999999993e+00
2.443199999999999886e-02 -9.138150000000000439e-01 4.053979999999999806e-01 -9.247850000000000514e-02
0.000000000000000000e+00 0.000000000000000000e+00 0.000000000000000000e+00 1.000000000000000000e+00
0 5 51032
-9.086629999999999985e-01 -9.998450000000000393e-02 4.053849999999999953e-01 6.735470000000000068e-01
-3.744219999999999771e-01 -2.345399999999999985e-01 -8.971080000000000165e-01 2.824850000000000083e+00
1.847759999999999958e-01 -9.669529999999999514e-01 1.756820000000000048e-01 3.562290000000000179e-01
0.000000000000000000e+00 0.000000000000000000e+00 0.000000000000000000e+00 1.000000000000000000e+00
0 6 48261
7.134209999999999718e-01 6.579319999999999613e-01 2.411560000000000092e-01 2.289720000000000089e-01
-6.052039999999999642e-01 4.050540000000000251e-01 6.853160000000000363e-01 -8.568929999999999603e-02
3.532109999999999972e-01 -6.348679999999999879e-01 6.871570000000000178e-01 -9.092320000000000402e-01
0.000000000000000000e+00 0.000000000000000000e+00 0.000000000000000000e+00 1.000000000000000000e+00
0 7 25140
7.705400000000000027e-01 6.044610000000000261e-01 2.022289999999999921e-01 2.684010000000000007e-01
-5.341200000000000392e-01 4.391939999999999733e-01 7.223749999999999893e-01 -1.432259999999999922e-01
3.478289999999999993e-01 -6.646330000000000293e-01 6.612710000000000532e-01 -8.917110000000000314e-01
0.000000000000000000e+00 0.000000000000000000e+00 0.000000000000000000e+00 1.000000000000000000e+00
0 8 57878
-9.169079999999999453e-01 -1.967009999999999870e-01 3.472660000000000191e-01 2.072350000000000025e-01
-1.475740000000000107e-01 -6.413480000000000292e-01 -7.529270000000000129e-01 -8.986870000000000136e-01
3.708190000000000097e-01 -7.416099999999999914e-01 5.590270000000000516e-01 -3.292479999999999851e-01
0.000000000000000000e+00 0.000000000000000000e+00 0.000000000000000000e+00 1.000000000000000000e+00
0 9 69091
-9.226199999999999957e-01 -2.759719999999999951e-01 2.694719999999999893e-01 2.535099999999999854e-02
-3.208099999999999841e-02 -6.413069999999999604e-01 -7.666150000000000464e-01 -7.821139999999999759e-01
3.843779999999999974e-01 -7.159379999999999633e-01 5.828280000000000127e-01 -2.588860000000000050e-01
0.000000000000000000e+00 0.000000000000000000e+00 0.000000000000000000e+00 1.000000000000000000e+00
0 10 56513
5.907470000000000221e-01 6.184760000000000257e-01 5.181759999999999700e-01 1.342419999999999947e+00
-7.710669999999999469e-01 6.218879999999999963e-01 1.367929999999999979e-01 1.368929999999999980e+00
-2.376439999999999941e-01 -4.803580000000000072e-01 8.442650000000000432e-01 -4.341630000000000211e-01
0.000000000000000000e+00 0.000000000000000000e+00 0.000000000000000000e+00 1.000000000000000000e+00
2 3 17733
-1.825824160815028019e-01 -1.648301487533978538e-01 -9.692749120194408263e-01 -1.641122574452251459e-03
8.407511217456469232e-01 4.849104852469339755e-01 -2.408334979495675432e-01 5.566085739496990925e-01
5.097067499510259392e-01 -8.588916413548790540e-01 5.004453431527375318e-02 -1.076832451553750847e-01
0.000000000000000000e+00 0.000000000000000000e+00 0.000000000000000000e+00 1.000000000000000000e+00
2 4 16134
8.550690261973885598e-01 3.535357208620854008e-01 -3.793036219016819866e-01 -1.249541060224987454e+00
-2.914770224290980094e-01 9.327275909049606017e-01 2.122846869629827493e-01 -1.266728878494671751e+00
4.288380144360854906e-01 -7.095872265554170610e-02 9.005905165865268902e-01 -3.125526706620700867e+00
0.000000000000000000e+00 0.000000000000000000e+00 0.000000000000000000e+00 1.000000000000000000e+00
2 6 48450
-3.916397024446302000e-01 -3.977583023136431195e-01 -8.297027173490760799e-01 3.004955668877504205e-01
2.743255534897000025e-01 8.102500999741675258e-01 -5.179191415883862559e-01 -1.003843201224231541e-01
8.782726099742825809e-01 -4.304475785069963312e-01 -2.082107076375920851e-01 -1.327176351505558571e+00
0.000000000000000000e+00 0.000000000000000000e+00 0.000000000000000000e+00 1.000000000000000000e+00
2 9 9436
5.243874185654567865e-01 8.469472045059418530e-01 -8.775469137320224267e-02 4.980249944223914538e-01
-8.482635421813762289e-01 5.106694509351588085e-01 -1.402459726164279052e-01 -5.920798898588769399e-01
-7.396673100321951577e-02 1.479831384255958504e-01 9.862212853357203990e-01 -5.094739070181990570e-01
0.000000000000000000e+00 0.000000000000000000e+00 0.000000000000000000e+00 1.000000000000000000e+00
2 10 53524
5.040232669405139698e-02 -5.457960636271643740e-01 -8.364016409286820775e-01 -1.458076469684209231e+00
6.891824091653728779e-01 6.251261829844809714e-01 -3.663965145080464447e-01 -7.579445281081698127e-02
7.228336536584692995e-01 -5.579664397686586730e-01 4.076598782131642396e-01 -2.025886780496753303e+00
0.000000000000000000e+00 0.000000000000000000e+00 0.000000000000000000e+00 1.000000000000000000e+00
3 4 42164
-1.825981251962419116e-01 6.834735649999812424e-01 7.067709186301174284e-01 -2.843346031479963010e+00
-6.506051168407313012e-01 4.549602445516139904e-01 -6.080496642623768322e-01 1.913536020086945788e+00
-7.371391462613199330e-01 -5.708567647966182879e-01 3.615946231824510582e-01 1.497651988096508235e+00
0.000000000000000000e+00 0.000000000000000000e+00 0.000000000000000000e+00 1.000000000000000000e+00
3 6 9356
7.498085547728416955e-01 5.344394810790522587e-01 -3.900781453189393622e-01 -1.229117462242526493e+00
-5.567635322563668776e-01 8.281667880809157056e-01 6.444620581479271193e-02 6.790286756148176117e-01
3.574932730240306666e-01 1.688604478536231968e-01 9.185231546291154903e-01 -1.956574433277050717e-01
0.000000000000000000e+00 0.000000000000000000e+00 0.000000000000000000e+00 1.000000000000000000e+00
3 9 35950
-8.466235843402861727e-01 3.501359465889173905e-01 4.007954514275328117e-01 -1.261786810184469143e+00
-4.342353374315786052e-01 -1.907514972860346880e-02 -9.005980712268391031e-01 -2.942742590604710551e-01
-3.076874889300906801e-01 -9.365059392001109373e-01 1.681898515301302743e-01 -2.277793018065129016e-01
0.000000000000000000e+00 0.000000000000000000e+00 0.000000000000000000e+00 1.000000000000000000e+00
3 10 36731
9.386620152879918688e-01 3.408281860242139971e-01 5.245185090392662230e-02 -1.243496994713378490e+00
-2.949523776117520812e-01 8.723243463966994238e-01 -3.899404399897766771e-01 1.580932659507127136e+00
-1.786577357001465083e-01 3.505522261671762951e-01 9.193457758383659639e-01 1.467994941078604398e+00
0.000000000000000000e+00 0.000000000000000000e+00 0.000000000000000000e+00 1.000000000000000000e+00
4 5 5728
8.990585572795857239e-01 2.157530470670529776e-01 3.809781028841719985e-01 -6.383829549186548213e-01
-3.136743571951763898e-01 9.244755943481955951e-01 2.166874200436526288e-01 -3.784928909151956677e-01
-3.054532370454835499e-01 -3.143197874598440689e-01 8.988356078163294294e-01 2.921375814456483866e-01
0.000000000000000000e+00 0.000000000000000000e+00 0.000000000000000000e+00 1.000000000000000000e+00
4 6 6563
-3.820224665432607469e-02 -7.608686891220202142e-01 -6.477784636508272520e-01 1.756620561169012884e+00
5.508941038455866801e-02 6.456620029113280257e-01 -7.616307476475887572e-01 1.508260953949296823e+00
9.977500797754896844e-01 -6.478283809233298385e-02 1.725198881675737983e-02 1.279237268271415262e+00
0.000000000000000000e+00 0.000000000000000000e+00 0.000000000000000000e+00 1.000000000000000000e+00
4 8 6038
7.438704829471560753e-01 5.839848517637669101e-01 3.249924682905523388e-01 2.378340482888142482e+00
-5.526363299211910496e-01 8.109406219060844023e-01 -1.922725627634798151e-01 1.211004381246713724e+00
-3.758346401962961991e-01 -3.657692808347323687e-02 9.259671534467754928e-01 2.002370149756640849e+00
0.000000000000000000e+00 0.000000000000000000e+00 0.000000000000000000e+00 1.000000000000000000e+00
4 9 59065
6.639140524443314373e-01 6.388090115276846559e-01 3.887690711948371680e-01 2.419498333970835802e+00
-6.005570867780218869e-01 7.652390563337760909e-01 -2.318169988919950852e-01 1.061454790281321392e+00
-4.455888346350449503e-01 -7.957230550223418075e-02 8.916959215636961478e-01 1.836350021177584280e+00
0.000000000000000000e+00 0.000000000000000000e+00 0.000000000000000000e+00 1.000000000000000000e+00
4 10 11764
1.521947622190665539e-01 -8.881764234514729628e-01 -4.335642285584009326e-01 -5.387434554900516481e-02
6.093439118484460515e-01 4.297045248320870980e-01 -6.663721926702642628e-01 9.590581315474375756e-01
7.781616692121113843e-01 -1.627724686920012931e-01 6.066061894413918854e-01 1.322240031994422527e+00
0.000000000000000000e+00 0.000000000000000000e+00 0.000000000000000000e+00 1.000000000000000000e+00
5 8 62308
9.569313787971608365e-01 2.818376342339630747e-01 6.965864733025020628e-02 1.691230337378774706e+00
-2.322746152450239354e-01 8.871876905738487196e-01 -3.986802341094951574e-01 1.582763217936286049e+00
-1.741646183652610924e-01 3.653303597422613569e-01 9.144403260893381180e-01 3.030941502565117851e+00
0.000000000000000000e+00 0.000000000000000000e+00 0.000000000000000000e+00 1.000000000000000000e+00
5 9 2489
9.213840301263002130e-01 3.585962916098967002e-01 1.498699219258891047e-01 1.825855011364964531e+00
-2.719020852924978748e-01 8.702804183326398046e-01 -4.107060230653957200e-01 1.505571281849094945e+00
-2.777074067374799005e-01 3.376684746843210405e-01 8.993648420729974946e-01 2.864991758506022279e+00
0.000000000000000000e+00 0.000000000000000000e+00 0.000000000000000000e+00 1.000000000000000000e+00
6 9 20724
-5.030348485093353306e-01 -6.163869047730993755e-02 8.620672047154410711e-01 5.059211374050238685e-01
-8.640445846614626113e-01 1.319157832582862344e-02 -5.032445965510301544e-01 -8.289416196355591238e-01
1.964788905879957803e-02 -9.980130094712804656e-01 -5.989535137953189148e-02 -7.948608402265266992e-02
0.000000000000000000e+00 0.000000000000000000e+00 0.000000000000000000e+00 1.000000000000000000e+00
6 10 55950
8.041668278963574057e-01 -1.048032681844030256e-01 5.850930306859154495e-01 8.181369061473281468e-02
2.272202701512781864e-01 9.637766056271266368e-01 -1.396637241283321673e-01 1.020165300726975310e+00
-5.492626735632448742e-01 2.452577696508419502e-01 7.988504465915230446e-01 1.591836812644290555e+00
0.000000000000000000e+00 0.000000000000000000e+00 0.000000000000000000e+00 1.000000000000000000e+00
7 9 12287
-5.600817131466073739e-01 -1.191366217220834189e-01 8.198271862149327793e-01 3.740779588969207481e-01
-8.272463966012429948e-01 2.736331798161978357e-02 -5.611736691422922751e-01 -8.481053205231671166e-01
4.442264652434052552e-02 -9.925012043216041580e-01 -1.138810103527948536e-01 -9.219963654905671824e-02
0.000000000000000000e+00 0.000000000000000000e+00 0.000000000000000000e+00 1.000000000000000000e+00
8 9 10457
9.932215219649401794e-01 8.219740059857355563e-02 8.217537614600906037e-02 1.756583385907319883e-01
-8.300276020053659609e-02 9.965278055422759351e-01 6.429851924383833683e-03 -9.116781629054848679e-02
-8.136116600063525439e-02 -1.320754100312721002e-02 9.965963212484465483e-01 -1.115982120668777000e-01
0.000000000000000000e+00 0.000000000000000000e+00 0.000000000000000000e+00 1.000000000000000000e+00
9 10 4825
-6.116414884571533817e-01 -7.752056793504066290e-01 -1.579502674449630439e-01 -1.351529922364836489e+00
5.015982526847634348e-01 -2.255958310747593898e-01 -8.351677679017082134e-01 -1.617461839946574553e+00
6.117941860734348314e-01 -5.900516438651720597e-01 5.268265534324824140e-01 -1.396262750363606031e+00
0.000000000000000000e+00 0.000000000000000000e+00 0.000000000000000000e+00 1.000000000000000000e+00
