11
part0.ply
1 0 0 0
0 1 0 0
0 0 1 0
0 0 0 1
part1.ply
-0.651623 -0.329777 -0.683106  0.610579
 0.750795 -0.408787 -0.518845   -1.0287
-0.108142 -0.850964   0.51397 -0.273856
        0         0         0         1
part2.ply
-0.744811  0.596664  0.298745  0.921835
-0.491726 -0.188139 -0.850182  -1.08867
-0.451068 -0.780125  0.433523  -0.25122
        0         0         0         1
part3.ply
 0.794501  0.179427  0.580149   1.18806
-0.510112  0.715527  0.477291  -1.08964
-0.329474  -0.67515  0.660015 -0.770032
        0         0         0         1
part4.ply
  -0.68344   0.282507   0.673127   0.145228
  -0.72977  -0.287908  -0.620117    2.42162
 0.0186116  -0.915041   0.402932 -0.0811838
         0          0          0          1
part5.ply
-0.0851932  -0.205133  -0.975019    5.60276
 -0.979082   -0.16424   0.120102    1.83101
 -0.184774   0.964856   -0.18685   0.544844
         0          0          0          1
part6.ply
  0.714349   0.657462   0.239686   0.222129
 -0.604339   0.406912   0.684979 -0.0860673
  0.352817  -0.634166   0.688007  -0.907062
         0          0          0          1
part7.ply
 0.763673  0.616203  0.192606   2.40728
-0.532679  0.432843  0.727255   2.76721
 0.364769 -0.657982  0.658789 -0.867535
        0         0         0         1
part8.ply
-0.131142  0.552117  0.823388 -0.786918
 0.922131  0.372871 -0.103157  -2.28638
-0.363972  0.745744 -0.558023  0.937979
        0         0         0         1
part9.ply
 -0.923247   -0.27563   0.267664   0.015225
-0.0300645  -0.642699  -0.765529  -0.780612
   0.38303  -0.714819   0.585083   -0.24989
         0          0          0          1
part10.ply
 0.585454  0.617779  0.524969   1.35576
-0.774593  0.617372  0.137321   1.37589
-0.239267 -0.487033  0.839971 -0.428055
        0         0         0         1
