11
part0.ply
1 0 0 0
0 1 0 0
0 0 1 0
0 0 0 1
part1.ply
-0.653624 -0.331479 -0.680367  0.612391
 0.746836 -0.428051  -0.50893 -0.994197
-0.122532 -0.840771  0.527345 -0.301404
        0         0         0         1
part2.ply
-0.741189  0.603899  0.293163  0.901397
  -0.4927 -0.192768 -0.848579   -1.0832
-0.455945 -0.773399  0.440419 -0.265346
        0         0         0         1
part3.ply
 0.792484  0.163212  0.587648   1.20718
-0.504638  0.716574   0.48152  -1.09831
-0.342504 -0.678148  0.650237 -0.742504
        0         0         0         1
part4.ply
 -0.684071   0.280434   0.673354   0.146278
 -0.729008  -0.293773  -0.618261    2.42889
  0.024432  -0.913815   0.405398 -0.0924785
         0          0          0          1
part5.ply
 -0.908663 -0.0999845   0.405385   0.673547
 -0.374422   -0.23454  -0.897108    2.82485
  0.184776  -0.966953   0.175682   0.356229
         0          0          0          1
part6.ply
  0.713421   0.657932   0.241156   0.228972
 -0.605204   0.405054   0.685316 -0.0856893
  0.353211  -0.634868   0.687157  -0.909232
         0          0          0          1
part7.ply
  0.77054  0.604461  0.202229  0.268401
 -0.53412  0.439194  0.722375 -0.143226
 0.347829 -0.664633  0.661271 -0.891711
        0         0         0         1
part8.ply
-0.916908 -0.196701  0.347266  0.207235
-0.147574 -0.641348 -0.752927 -0.898687
 0.370819  -0.74161  0.559027 -0.329248
        0         0         0         1
part9.ply
 -0.92262 -0.275972  0.269472  0.025351
-0.032081 -0.641307 -0.766615 -0.782114
 0.384378 -0.715938  0.582828 -0.258886
        0         0         0         1
part10.ply
 0.590747  0.618476  0.518176   1.34242
-0.771067  0.621888  0.136793   1.36893
-0.237644 -0.480358  0.844265 -0.434163
        0         0         0         1
