0 1 55545
9.153725750591001908e-01 -4.026035035151758201e-01 -1.401413602846182270e-03 -5.920047450774522879e+00
4.025967605603820720e-01 9.153694754884600382e-01 -3.429548044985885821e-03 2.647602920226674783e+01
2.663293910951431212e-03 2.575240747409511793e-03 9.999912745326569041e-01 1.918869453046140663e-02
0.000000000000000000e+00 0.000000000000000000e+00 0.000000000000000000e+00 1.000000000000000000e+00
0 2 31690
9.868490969754000197e-01 1.616349971917333816e-01 -1.182823898153520037e-03 -2.932789352134185989e+01
-1.616375558535544654e-01 9.868453194702015985e-01 -2.687793053683055350e-03 4.549548377423766965e+01
7.326320574857852173e-04 2.843609347607439341e-03 9.999941247179804371e-01 1.090369933019562920e-01
0.000000000000000000e+00 0.000000000000000000e+00 0.000000000000000000e+00 1.000000000000000000e+00
0 3 17608
-8.124778121868287961e-01 -5.829903542108617609e-01 -4.956519844522242228e-04 -3.359030090185532202e+01
5.829883247559701775e-01 -8.124724096683715313e-01 -3.350957823214716341e-03 6.611441603881741003e+01
1.551032111882682737e-03 -3.011115502695792950e-03 9.999928131517356045e-01 1.263076769530242505e-01
0.000000000000000000e+00 0.000000000000000000e+00 0.000000000000000000e+00 1.000000000000000000e+00
1 2 45149
8.382629999999999804e-01 5.452660000000000284e-01 4.987280000000000402e-04 -1.376950000000000074e+01
-5.452660000000000284e-01 8.382629999999999804e-01 5.909840000000000189e-04 2.683419999999999916e+01
-9.571830000000000139e-05 -7.673299999999999869e-04 1.000000000000000000e+00 5.741650000000000226e-02
0.000000000000000000e+00 0.000000000000000000e+00 0.000000000000000000e+00 1.000000000000000000e+00
1 3 38924
-5.090069999999999872e-01 -8.607620000000000271e-01 8.607550000000000487e-04 -9.370010000000000616e+00
8.607620000000000271e-01 -5.090080000000000160e-01 -2.927200000000000028e-04 4.742430000000000234e+01
6.900040000000000296e-04 5.921700000000000444e-04 1.000000000000000000e+00 9.945169999999999705e-03
0.000000000000000000e+00 0.000000000000000000e+00 0.000000000000000000e+00 1.000000000000000000e+00
1 4 21021
-3.389670000000000183e-01 9.407959999999999656e-01 1.806150000000000073e-03 -1.973430000000000106e+01
-9.407950000000000479e-01 -3.389610000000000123e-01 -3.183609999999999912e-03 7.359279999999999688e+01
-2.382930000000000118e-03 -2.778529999999999976e-03 9.999930000000000208e-01 2.179270000000000096e-01
0.000000000000000000e+00 0.000000000000000000e+00 0.000000000000000000e+00 1.000000000000000000e+00
2 3 64886
-8.960261964207397734e-01 -4.440002257076934855e-01 7.853277208369074686e-04 -7.539149603982643555e+00
4.440000591013600340e-01 -8.960268383401150949e-01 -5.433751614766662609e-04 1.965883931226857584e+01
9.449324610733873678e-04 -1.378772206678773168e-04 9.999996582221718500e-01 -3.310814741405583572e-02
0.000000000000000000e+00 0.000000000000000000e+00 0.000000000000000000e+00 1.000000000000000000e+00
2 4 45427
2.288403601861002945e-01 9.734587550322520988e-01 3.154122498623079546e-03 -3.049596770125733514e+01
-9.734585629934188189e-01 2.288475630486543066e-01 -2.451203466727024972e-03 3.594346433247199712e+01
-3.107989748893339073e-03 -2.509750582294072597e-03 9.999914210252875968e-01 1.851719763010165054e-01
0.000000000000000000e+00 0.000000000000000000e+00 0.000000000000000000e+00 1.000000000000000000e+00
3 4 67158
-6.372654189348349041e-01 -7.706388399238289777e-01 -2.969585990264803164e-03 2.780049301966251107e+01
7.706398442995385789e-01 -6.372691233055548521e-01 6.577200890868837961e-04 -4.398650031483548162e+00
-2.399564108472145626e-03 -1.869414461149347456e-03 9.999946595441062680e-01 1.914041272036044183e-01
0.000000000000000000e+00 0.000000000000000000e+00 0.000000000000000000e+00 1.000000000000000000e+00
