5
part1.ply
1 0 0 0
0 1 0 0
0 0 1 0
0 0 0 1
part0.ply
   0.915121    0.403179 0.000422329     -5.7615
  -0.403163    0.915076  0.00983986    -26.6698
 0.00358105 -0.00917494    0.999952    0.755825
          0           0           0           1
part2.ply
   0.837634    0.546232  0.00023368    -13.8224
  -0.546232    0.837633  0.00167581     26.8653
0.000719726 -0.00153136    0.999999   0.0722998
          0           0           0           1
part3.ply
     -0.50753     -0.861629    0.00303775      -9.38282
     0.861633     -0.507533 -3.31998e-005       47.3777
   0.00157027    0.00260082      0.999996    -0.0201598
            0             0             0             1
part4.ply
   -0.336087     0.941801   0.00745231     -19.8308
   -0.941831    -0.336073  -0.00310305      73.4581
-0.000417955  -0.00806189     0.999967     0.204999
           0            0            0            1
