5
part1.ply
1 0 0 0
0 1 0 0
0 0 1 0
0 0 0 1
part0.ply
   0.915374    0.402598  0.00266357    -5.24019
  -0.402604    0.915372  0.00257512    -26.6189
-0.00140112 -0.00342957    0.999995   0.0633181
          0           0           0           1
part2.ply
     0.838263      0.545266   0.000498728      -13.7695
    -0.545266      0.838263   0.000590984       26.8342
-9.57183e-005   -0.00076733             1     0.0574165
            0             0             0             1
part3.ply
  -0.509007   -0.860762 0.000860755    -9.37001
   0.860762   -0.509008 -0.00029272     47.4243
0.000690004  0.00059217           1  0.00994517
          0           0           0           1
part4.ply
  -0.338967    0.940796  0.00180615    -19.7343
  -0.940795   -0.338961 -0.00318361     73.5928
-0.00238293 -0.00277853    0.999993    0.217927
          0           0           0           1
