0 1 97097
-4.827598759948464879e-02 -9.988348171187340085e-01 -7.677507323421080580e-05 -5.529208576491090987e+00
9.988340315706133454e-01 -4.827745566704453456e-02 -8.035158858130242573e-04 8.485854392562227844e+00
7.988344824990616490e-04 -1.156772446596024840e-04 9.999997776005333794e-01 2.120898855138536321e-01
0.000000000000000000e+00 0.000000000000000000e+00 0.000000000000000000e+00 1.000000000000000000e+00
0 2 87444
-2.225658294063304066e-01 -9.749178861631869752e-01 -4.125632952933678968e-04 -1.102205425494086732e+01
9.749161834039070662e-01 -2.225661864406078272e-01 -1.481850379793188920e-03 1.645450222204735269e+01
1.352890124964806337e-03 -7.320665582504167802e-04 9.999986338374090566e-01 2.073443141447723070e-01
0.000000000000000000e+00 0.000000000000000000e+00 0.000000000000000000e+00 1.000000000000000000e+00
0 3 79898
-6.839884728577565465e-01 7.294932698480435240e-01 6.729011481360066627e-04 -1.655956309616248134e+01
-7.294937013226581168e-01 -6.839866369772942267e-01 -1.088520311340473090e-03 2.000755777136080482e+01
-3.338306628309156091e-04 -1.235344187648246533e-03 9.999996645686224372e-01 2.287898190803966669e-01
0.000000000000000000e+00 0.000000000000000000e+00 0.000000000000000000e+00 1.000000000000000000e+00
0 4 69666
-3.382035862700024653e-01 9.409728057996843420e-01 -1.382651081857273236e-02 -1.251736517946174132e+01
-9.409489493667873017e-01 -3.383599776925293456e-01 -1.139130590967380764e-02 2.294643714230903342e+01
-1.539753968299748844e-02 9.157518505957449456e-03 9.998394144140422268e-01 8.568856662179775985e-02
0.000000000000000000e+00 0.000000000000000000e+00 0.000000000000000000e+00 1.000000000000000000e+00
0 5 47792
-2.617515009896158595e-01 9.651347894605768474e-01 1.207479840927936027e-03 -1.331311465526327709e+01
-9.651356365452502528e-01 -2.617493105978132562e-01 -1.175277846272312823e-03 1.581581564257017369e+01
-8.182272889696414397e-04 -1.472934405223922305e-03 9.999987565676212720e-01 -7.994384382501728004e-01
0.000000000000000000e+00 0.000000000000000000e+00 0.000000000000000000e+00 1.000000000000000000e+00
0 6 79618
6.841794881328356892e-01 7.293155218224850467e-01 -2.152191926383814028e-04 -6.685431936113655382e+00
-7.293136221828305787e-01 6.841785035889718092e-01 -1.189924411233509892e-03 1.451704484333688505e+01
-7.208928643837236644e-04 9.709519206772519468e-04 9.999991478634839837e-01 -4.437541626463828992e-01
0.000000000000000000e+00 0.000000000000000000e+00 0.000000000000000000e+00 1.000000000000000000e+00
0 7 89437
7.120342977589312339e-01 7.021222601794898655e-01 -5.787960544204434968e-03 -1.616775004483548273e+00
-7.021243931689470363e-01 7.120529657201813967e-01 1.862512228084178042e-03 6.701874610216647099e+00
5.428916815041828076e-03 2.737829743261839879e-03 9.999823719312488368e-01 -4.525610864947025025e-01
0.000000000000000000e+00 0.000000000000000000e+00 0.000000000000000000e+00 1.000000000000000000e+00
0 8 78882
8.299766445030399842e-01 5.577985116371894092e-01 1.945924705117420858e-04 -8.276240830936588466e+00
-5.577976146181530259e-01 8.299770124873131483e-01 9.733889399130783021e-06 7.466406005217873343e+00
-1.560488195599379750e-04 -1.166000468577647539e-04 1.000000094712722998e+00 -4.614198128866215942e-01
0.000000000000000000e+00 0.000000000000000000e+00 0.000000000000000000e+00 1.000000000000000000e+00
0 9 94060
-7.707058175993848348e-01 6.371875967508833227e-01 -2.435257090018996297e-03 -2.395445363414836493e-01
-6.371888537348234793e-01 -7.707077452511449378e-01 -1.040180925373529464e-03 -3.195656588402268738e+00
-2.539796467775800714e-03 7.500577031165115652e-04 9.999964537854080238e-01 -4.544259010852048641e-01
0.000000000000000000e+00 0.000000000000000000e+00 0.000000000000000000e+00 1.000000000000000000e+00
0 10 22160
-1.800484334164587918e-01 -9.836399013325277663e-01 -6.154418157644269208e-03 1.662414354798654870e+01
9.836226221641826140e-01 -1.800924364457791027e-01 7.331321592598713174e-03 7.260256012722326346e+00
-8.319865055740071486e-03 -4.733717803092634194e-03 9.999553248791654969e-01 2.863998455400271204e-02
0.000000000000000000e+00 0.000000000000000000e+00 0.000000000000000000e+00 1.000000000000000000e+00
0 11 63717
-7.510975662197241220e-01 -6.601820189749555423e-01 -3.576753844060976285e-03 -1.453832092066719461e+01
6.601916101012285099e-01 -7.510843454266690200e-01 -4.566321077635638291e-03 2.648021044268120505e+01
3.282188218797380615e-04 -5.791158632103948420e-03 9.999827574428866717e-01 -4.123091063147851232e-01
0.000000000000000000e+00 0.000000000000000000e+00 0.000000000000000000e+00 1.000000000000000000e+00
0 13 23059
7.518197560072030772e-01 6.593692893394612620e-01 -5.807046417994307956e-04 -2.243981980564775824e+00
-6.593671307780551993e-01 7.518167541075940763e-01 -2.351929449997626400e-03 1.963846128342595421e+01
-1.114178847557991629e-03 2.151114012162818907e-03 9.999972751001299232e-01 -4.480112666092236351e-01
0.000000000000000000e+00 0.000000000000000000e+00 0.000000000000000000e+00 1.000000000000000000e+00
1 2 140566
9.845247724420429503e-01 -1.752405343182371622e-01 -6.613330053534739088e-04 8.224527959393466148e+00
1.752410665482540819e-01 9.845249843960338643e-01 3.681437247737247352e-04 5.101743756607852731e+00
5.866893220724650991e-04 -4.781913455614778051e-04 9.999994271182091055e-01 -1.072545462993412455e-02
0.000000000000000000e+00 0.000000000000000000e+00 0.000000000000000000e+00 1.000000000000000000e+00
1 3 115544
-6.956216502937383472e-01 -7.184077291488402128e-01 -3.208644848025643819e-04 1.204079233848258923e+01
7.184073475511362217e-01 -6.956218969892847825e-01 -7.350426350488962687e-04 1.046126202490083656e+01
3.049593485273512311e-04 -7.419231104822173600e-04 1.000000058258009972e+00 8.291465260672759019e-03
0.000000000000000000e+00 0.000000000000000000e+00 0.000000000000000000e+00 1.000000000000000000e+00
1 4 101737
-9.235358548331440431e-01 -3.833856988035774793e-01 -9.911763106266607143e-03 1.478098156537219410e+01
3.832358537047644287e-01 -9.235412954465097579e-01 1.424484532555881679e-02 6.281920261370988356e+00
-1.461545897919146880e-02 9.356949590852731147e-03 9.998492024425809088e-01 -1.374822320006264809e-01
0.000000000000000000e+00 0.000000000000000000e+00 0.000000000000000000e+00 1.000000000000000000e+00
1 5 83217
-9.513735907786059487e-01 -3.080393832594154890e-01 -4.333296375494101677e-04 7.696388841438160711e+00
3.080389240770560755e-01 -9.513723040949376708e-01 -1.264809168898523625e-03 7.421080288509664058e+00
-2.260416995875297926e-05 -1.336914348020754820e-03 9.999991788159223738e-01 -1.016818240580950050e+00
0.000000000000000000e+00 0.000000000000000000e+00 0.000000000000000000e+00 1.000000000000000000e+00
1 6 126143
-7.614937865922301041e-01 6.481715540245921447e-01 -3.792744834766963689e-04 6.079449634597831498e+00
-6.481728490417697497e-01 -7.614939514726087877e-01 1.569368534936375708e-04 8.637891144109950403e-01
-1.875642603995765576e-04 3.650826918102960329e-04 9.999996913944405597e-01 -6.606007483355016419e-01
0.000000000000000000e+00 0.000000000000000000e+00 0.000000000000000000e+00 1.000000000000000000e+00
1 7 114570
-7.356761255109506292e-01 6.773277293270861810e-01 2.938625446761192108e-03 -1.971311851175263641e+00
-6.773084503679976942e-01 -7.356782871100929766e-01 5.575818740918697669e-03 -3.821668546616459494e+00
5.938252417392217777e-03 2.111656229545000145e-03 9.999808918464764274e-01 -6.635184477797019253e-01
0.000000000000000000e+00 0.000000000000000000e+00 0.000000000000000000e+00 1.000000000000000000e+00
1 8 125521
-5.972161496063624897e-01 8.020795033132189777e-01 7.992002919591718098e-04 -8.861772884757055380e-01
-8.020800325173043088e-01 -5.972154936145888104e-01 -3.103112690836553863e-04 2.793119462830400579e+00
2.282456768545734955e-04 -8.264132383733076553e-04 9.999996427874059401e-01 -6.724788386203029988e-01
0.000000000000000000e+00 0.000000000000000000e+00 0.000000000000000000e+00 1.000000000000000000e+00
1 9 96738
-5.992397600088286147e-01 -8.005697912419807993e-01 -1.225300248200760422e-04 -1.192378656940091730e+01
8.005676676958124460e-01 -5.992376222188409152e-01 2.367155670656653169e-03 -4.719480042509145434e+00
-1.968496060026144780e-03 1.320262594598730493e-03 9.999970478914727012e-01 -6.575367374088250116e-01
0.000000000000000000e+00 0.000000000000000000e+00 0.000000000000000000e+00 1.000000000000000000e+00
1 10 5435
9.911606937702543974e-01 -1.323984572238339763e-01 8.418724541258314903e-03 -2.293822989705805782e+00
1.323540871429206289e-01 9.911868280445067514e-01 5.677840444102216777e-03 -2.206831503747845602e+01
-9.096330062520268170e-03 -4.513296592576234584e-03 9.999494788968722458e-01 -1.841703588961300098e-01
0.000000000000000000e+00 0.000000000000000000e+00 0.000000000000000000e+00 1.000000000000000000e+00
1 11 88389
6.956827395114197898e-01 -7.183407803959087623e-01 -3.589458684275149795e-03 1.840780091444362654e+01
7.183498149088318740e-01 6.956716086130040333e-01 3.677549505406127982e-03 8.129979483462673073e+00
-1.444198441499036927e-04 -5.136851014099072174e-03 9.999862726314647787e-01 -6.381634662475025310e-01
0.000000000000000000e+00 0.000000000000000000e+00 0.000000000000000000e+00 1.000000000000000000e+00
1 12 4084
4.619168797150449146e-01 8.868272447121396951e-01 -1.308007822923109610e-02 1.260287436992412680e+01
-8.867911050419270413e-01 4.620525331974595362e-01 1.045173746948371320e-02 -9.728691071221074793e+00
1.531253783424565626e-02 6.771560316759055870e-03 9.998605026751044011e-01 -6.681712691226006084e-01
0.000000000000000000e+00 0.000000000000000000e+00 0.000000000000000000e+00 1.000000000000000000e+00
1 13 50359
-6.948947154677180826e-01 7.191086632009469071e-01 -1.522280623510054772e-03 1.098046566174408412e+01
-7.191108737107193560e-01 -6.948947646079977059e-01 5.780928465905651147e-04 -3.819718704207213378e+00
-6.422578944494329502e-04 1.496282036408189435e-03 9.999987804217671528e-01 -6.693147301178916653e-01
0.000000000000000000e+00 0.000000000000000000e+00 0.000000000000000000e+00 1.000000000000000000e+00
2 3 141075
-5.589629999999999876e-01 -8.291929999999999579e-01 1.418769999999999970e-04 4.696430000000000327e+00
8.291920000000000401e-01 -5.589629999999999876e-01 -1.145780000000000106e-03 4.607809999999999739e+00
1.029409999999999917e-03 -5.227359999999999906e-04 1.000000000000000000e+00 1.846499999999999878e-02
0.000000000000000000e+00 0.000000000000000000e+00 0.000000000000000000e+00 1.000000000000000000e+00
2 4 102946
-8.420950000000000379e-01 -5.392900000000000471e-01 -6.675610000000000224e-03 6.661739999999999995e+00
5.391540000000000221e-01 -8.420699999999999852e-01 1.528310000000000085e-02 1.301560000000000043e-02
-1.386360000000000023e-02 9.270679999999999893e-03 9.998609999999999998e-01 -1.306589999999999974e-01
0.000000000000000000e+00 0.000000000000000000e+00 0.000000000000000000e+00 1.000000000000000000e+00
2 5 119248
-8.826709999999999834e-01 -4.699929999999999941e-01 -6.168520000000000361e-05 -1.141139999999999932e-01
4.699920000000000209e-01 -8.826690000000000369e-01 -1.647639999999999912e-03 2.376479999999999926e+00
7.199959999999999824e-04 -1.483259999999999917e-03 9.999989999999999712e-01 -1.004890000000000061e+00
0.000000000000000000e+00 0.000000000000000000e+00 0.000000000000000000e+00 1.000000000000000000e+00
2 6 152719
-8.632969999999999811e-01 5.046969999999999512e-01 2.406820000000000107e-04 -2.854929999999999968e+00
-5.046979999999999800e-01 -8.632969999999999811e-01 -2.573669999999999907e-04 -3.796159999999999979e+00
7.758069999999999398e-05 -3.438390000000000261e-04 1.000000000000000000e+00 -6.500160000000000382e-01
0.000000000000000000e+00 0.000000000000000000e+00 0.000000000000000000e+00 1.000000000000000000e+00
2 7 105873
-8.429809999999999803e-01 5.379270000000000440e-01 4.456840000000000107e-03 -1.160219999999999985e+01
-5.379099999999999993e-01 -8.429910000000000458e-01 4.496240000000000306e-03 -6.998289999999999900e+00
6.175599999999999840e-03 1.392950000000000004e-03 9.999810000000000088e-01 -6.493330000000000490e-01
0.000000000000000000e+00 0.000000000000000000e+00 0.000000000000000000e+00 1.000000000000000000e+00
2 8 120199
-7.285319999999999574e-01 6.850110000000000365e-01 1.319040000000000056e-03 -9.374679999999999680e+00
-6.850119999999999543e-01 -7.285310000000000397e-01 -9.239019999999999915e-04 -6.760150000000000325e-01
3.281010000000000220e-04 -1.576680000000000009e-03 9.999989999999999712e-01 -6.565769999999999662e-01
0.000000000000000000e+00 0.000000000000000000e+00 0.000000000000000000e+00 1.000000000000000000e+00
2 9 95329
-4.496760000000000201e-01 -8.931919999999999860e-01 8.807729999999999509e-04 -2.155799999999999983e+01
8.931919999999999860e-01 -4.496729999999999894e-01 1.873660000000000082e-03 -6.138130000000000308e+00
-1.277560000000000067e-03 1.629259999999999996e-03 9.999980000000000535e-01 -6.370989999999999709e-01
0.000000000000000000e+00 0.000000000000000000e+00 0.000000000000000000e+00 1.000000000000000000e+00
2 10 2827
9.990120000000000111e-01 4.334419999999999940e-02 9.870000000000000301e-03 -1.511700000000000088e+01
-4.338159999999999933e-02 9.990529999999999688e-01 3.636359999999999940e-03 -2.490630000000000166e+01
-9.703190000000000426e-03 -4.060990000000000433e-03 9.999460000000000015e-01 -1.764860000000000040e-01
0.000000000000000000e+00 0.000000000000000000e+00 0.000000000000000000e+00 1.000000000000000000e+00
2 11 95865
8.108020000000000227e-01 -5.853180000000000049e-01 -2.302880000000000205e-03 1.055599999999999916e+01
5.853220000000000089e-01 8.107919999999999572e-01 3.771329999999999821e-03 1.197149999999999936e+00
-3.402130000000000171e-04 -4.405740000000000003e-03 9.999900000000000455e-01 -6.330590000000000384e-01
0.000000000000000000e+00 0.000000000000000000e+00 0.000000000000000000e+00 1.000000000000000000e+00
2 12 15405
2.993759999999999755e-01 9.540790000000000104e-01 -1.045959999999999945e-02 1.711310000000000109e+00
-9.540229999999999544e-01 2.994910000000000072e-01 1.210390000000000077e-02 -1.536790000000000056e+01
1.468069999999999965e-02 6.355030000000000227e-03 9.998730000000000118e-01 -6.657990000000000297e-01
0.000000000000000000e+00 0.000000000000000000e+00 0.000000000000000000e+00 1.000000000000000000e+00
2 13 80672
-8.101599999999999913e-01 5.862079999999999513e-01 -8.108339999999999688e-04 1.149499999999999966e+00
-5.862089999999999801e-01 -8.101599999999999913e-01 3.575739999999999886e-04 -9.266049999999999898e+00
-4.472659999999999830e-04 7.649490000000000109e-04 1.000000000000000000e+00 -6.636950000000000349e-01
0.000000000000000000e+00 0.000000000000000000e+00 0.000000000000000000e+00 1.000000000000000000e+00
2 14 712
-8.514629999999999699e-01 5.242820000000000258e-01 1.180170000000000004e-02 -1.160469999999999935e+01
-5.242879999999999763e-01 -8.515369999999999884e-01 2.822190000000000028e-03 -2.091189999999999927e+01
1.152889999999999991e-02 -3.784619999999999825e-03 9.999270000000000103e-01 -6.981330000000000036e-01
0.000000000000000000e+00 0.000000000000000000e+00 0.000000000000000000e+00 1.000000000000000000e+00
3 4 85765
9.177477896185310957e-01 -3.967850003802645964e-01 1.743327465799391837e-02 -4.908655522643751823e+00
3.968989978744184577e-01 9.178557651670536943e-01 -3.530047927907405993e-03 9.387759498313918982e-01
-1.460086535755832950e-02 1.015893069850181199e-02 9.998412087296005835e-01 -1.435802489335242238e-01
0.000000000000000000e+00 0.000000000000000000e+00 0.000000000000000000e+00 1.000000000000000000e+00
3 5 84211
8.830947080438754648e-01 -4.691948896018527937e-01 -3.023555773501050356e-04 8.376615376835208071e-01
4.691956404364716615e-01 8.830941730764192421e-01 4.493136292603187778e-04 5.236630397754106880e+00
5.619492889175385034e-05 -5.386409730376813055e-04 9.999995461202639824e-01 -1.021479921935906310e+00
0.000000000000000000e+00 0.000000000000000000e+00 0.000000000000000000e+00 1.000000000000000000e+00
3 6 98225
6.405959167769978424e-02 -9.979462027683714265e-01 6.814365788977828995e-04 -2.748262012770387841e+00
9.979463576272421532e-01 6.406000177977577703e-02 -5.785178804926086917e-04 1.095938237725343711e+01
5.332996029316931699e-04 7.169432696821421199e-04 9.999989961102484504e-01 -6.599230478950780521e-01
0.000000000000000000e+00 0.000000000000000000e+00 0.000000000000000000e+00 1.000000000000000000e+00
3 7 83602
2.517085442206339757e-02 -9.996811817683683987e-01 2.266393612983350937e-03 -5.140419480614809578e-01
9.996615629150316096e-01 2.515474431282074125e-02 -6.731601326840471605e-03 2.000242071842973246e+01
6.672247957501334370e-03 2.435181095747282302e-03 9.999751481013995358e-01 -6.568128546815769075e-01
0.000000000000000000e+00 0.000000000000000000e+00 0.000000000000000000e+00 1.000000000000000000e+00
3 8 103061
-1.607837099341843379e-01 -9.869894331858146685e-01 -4.740120736306066042e-04 3.483229026144305074e+00
9.869889013626280683e-01 -1.607834568402656261e-01 -1.100115345310599593e-03 1.462146768797003027e+01
1.009547989186043368e-03 -6.447105086790436016e-04 9.999989128828734586e-01 -6.709845032584642599e-01
0.000000000000000000e+00 0.000000000000000000e+00 0.000000000000000000e+00 1.000000000000000000e+00
3 9 80846
9.919785270628561635e-01 1.263976735164293319e-01 2.090677814973468905e-03 5.764131682997907014e+00
-1.263923223313179189e-01 9.919773363760284735e-01 -2.300439467286829066e-03 2.777688893999931707e+01
-2.364782432549958693e-03 2.017687235813311799e-03 9.999946453128250035e-01 -6.469776749788552772e-01
0.000000000000000000e+00 0.000000000000000000e+00 0.000000000000000000e+00 1.000000000000000000e+00
3 10 1743
-5.943923513183728691e-01 8.041747286432644470e-01 -1.472403847753740854e-03 -1.339809008155670256e+01
-8.041192070068361453e-01 -5.943717042211088541e-01 -1.073949245935272405e-02 3.292652418188494323e+01
-9.511658627423277487e-03 -5.199514994590388045e-03 9.999419017879145333e-01 -1.639469925444028697e-01
0.000000000000000000e+00 0.000000000000000000e+00 0.000000000000000000e+00 1.000000000000000000e+00
3 11 77419
3.213566997012289039e-02 9.994687416194254492e-01 5.443746333874147254e-03 -6.104044999571662800e+00
-9.994835672530112403e-01 3.214111204112307663e-02 -7.213013729530202848e-04 -2.951938159885338919e+00
-8.957598220355141895e-04 -5.417801800966523876e-03 9.999840191028918079e-01 -6.467835193829367668e-01
0.000000000000000000e+00 0.000000000000000000e+00 0.000000000000000000e+00 1.000000000000000000e+00
3 12 4262
-9.583931754400584202e-01 -2.849527377432209962e-01 1.691223013926468691e-02 -1.489583093397219571e+01
2.850151514641859340e-01 -9.585224316788431009e-01 1.384654379564839765e-03 1.364126862171599086e+01
1.581626719894553210e-02 6.147309015914176333e-03 9.998563141898639817e-01 -6.617993004840182492e-01
0.000000000000000000e+00 0.000000000000000000e+00 0.000000000000000000e+00 1.000000000000000000e+00
3 13 41968
-3.323082805669736600e-02 -9.994459170656709857e-01 1.779099188941847542e-03 -9.522192863249070882e+00
9.994474372828544562e-01 -3.323045397921060851e-02 -5.033795933938995347e-05 1.069641071573127533e+01
1.093893022853351018e-04 1.776417866895295536e-03 9.999981422640402684e-01 -6.667663604927441812e-01
0.000000000000000000e+00 0.000000000000000000e+00 0.000000000000000000e+00 1.000000000000000000e+00
4 5 61682
9.966777523560090835e-01 -8.009442834383187493e-02 -1.469968944669582459e-02 6.992282184219305918e+00
8.025655077916835078e-02 9.967162882409922320e-01 1.069130001923264926e-02 1.655844256743868259e+00
1.379542245110604998e-02 -1.183554001591975886e-02 9.998350708389710517e-01 -7.927537917220167651e-01
0.000000000000000000e+00 0.000000000000000000e+00 0.000000000000000000e+00 1.000000000000000000e+00
4 6 104075
4.548660633735915892e-01 -8.904449800402489679e-01 -1.420475625480293463e-02 5.967393106067023112e+00
8.905580738140728148e-01 4.547741107527969451e-01 9.357540801321121565e-03 8.335013010589246818e+00
-1.872677369714911355e-03 -1.690702735516210267e-02 9.998553000615384434e-01 -5.139701291996975341e-01
0.000000000000000000e+00 0.000000000000000000e+00 0.000000000000000000e+00 1.000000000000000000e+00
4 7 83827
4.197672615227625026e-01 -9.075037767380794707e-01 -1.519197227175839507e-02 1.160696045366184848e+01
9.076251750914937633e-01 4.197705765945264345e-01 3.080772080227243970e-03 1.574874375252804981e+01
3.581280646639647264e-03 -1.508197444265691259e-02 9.998808071532988562e-01 -5.038313393424689313e-01
0.000000000000000000e+00 0.000000000000000000e+00 0.000000000000000000e+00 1.000000000000000000e+00
4 8 71552
2.441613630480682362e-01 -9.696096329815571124e-01 -1.547218321104917166e-02 1.313994895604779245e+01
9.697197582778037672e-01 2.440390209255474951e-01 9.337252343539109364e-03 9.223610034517674805e+00
-5.277638687695256937e-03 -1.728377022237807814e-02 9.998369144933936248e-01 -4.293198161821873970e-01
0.000000000000000000e+00 0.000000000000000000e+00 0.000000000000000000e+00 1.000000000000000000e+00
4 9 56562
8.602526266985879300e-01 5.096857384984098127e-01 -1.359479730288679598e-02 2.045425286927788733e+01
-5.096350314538021786e-01 8.603597065431024538e-01 7.217857278890201130e-03 2.039360310095007733e+01
1.537543879488916659e-02 7.193196654250427063e-04 9.998815962648742728e-01 -4.119902549628345900e-01
0.000000000000000000e+00 0.000000000000000000e+00 0.000000000000000000e+00 1.000000000000000000e+00
4 10 2232
-8.645153305890005413e-01 5.021977196653422126e-01 -2.021347473122288296e-02 4.905055883994420718e+00
-5.023164718399903972e-01 -8.646837132913518520e-01 8.852644567581488544e-04 3.272839228068312423e+01
-1.703403719916679257e-02 1.091900205477391861e-02 9.997965331863351013e-01 -2.812788167508666892e-01
0.000000000000000000e+00 0.000000000000000000e+00 0.000000000000000000e+00 1.000000000000000000e+00
4 11 112049
-3.671881962371980057e-01 9.300930032254245416e-01 -9.890623620963514412e-03 -2.633934246071333973e+00
-9.301414253370802188e-01 -3.671272717629600613e-01 7.336726109503008235e-03 -3.101913711255322337e+00
3.192724020328768699e-03 1.189387006324222305e-02 9.999238533259718897e-01 -5.102298833629614894e-01
0.000000000000000000e+00 0.000000000000000000e+00 0.000000000000000000e+00 1.000000000000000000e+00
4 12 501
-7.666690705507169801e-01 -6.420398170070475974e-01 1.472232008843873952e-03 -4.116509609640486289e+00
6.420383798967825850e-01 -7.666578932253900192e-01 4.717881687470129592e-03 1.561653780323084106e+01
-1.900489862319285420e-03 4.562120925316469518e-03 9.999886708895290299e-01 -7.370880225410011422e-01
0.000000000000000000e+00 0.000000000000000000e+00 0.000000000000000000e+00 1.000000000000000000e+00
4 13 35767
3.661802622121058670e-01 -9.304512482062481382e-01 -1.298773588326313476e-02 -3.536191812880344898e-01
9.305348156853135988e-01 3.660813643822506958e-01 9.406790055190001817e-03 1.078136037101593203e+01
-3.997935534913121813e-03 -1.553043683850393632e-02 9.998717180531893067e-01 -6.379776557402225823e-01
0.000000000000000000e+00 0.000000000000000000e+00 0.000000000000000000e+00 1.000000000000000000e+00
5 6 90666
5.248020437845035691e-01 -8.512238028862569861e-01 3.865277601493260335e-04 -4.816016929001156743e-01
8.512241583389891231e-01 5.248024985579324841e-01 -1.369262869481085651e-03 6.736035046635626244e+00
9.623130350942566162e-04 1.047458334652266862e-03 9.999986907274057701e-01 3.652124078481618907e-01
0.000000000000000000e+00 0.000000000000000000e+00 0.000000000000000000e+00 1.000000000000000000e+00
5 7 68048
4.912647373264164563e-01 -8.710100053579753476e-01 -1.100802767506499445e-03 5.734372845572523580e+00
8.709819597817917147e-01 4.912585993466064282e-01 -7.546658712946805250e-03 1.367360462179283154e+01
7.113791169641039448e-03 2.748740698625266529e-03 9.999715988881857642e-01 3.717101569901565261e-01
0.000000000000000000e+00 0.000000000000000000e+00 0.000000000000000000e+00 1.000000000000000000e+00
5 8 86560
3.211030795858351161e-01 -9.470434288171488690e-01 -8.785730909298567490e-04 6.739622900307017161e+00
9.470428942795656724e-01 3.211043487342859493e-01 -1.287751375984045286e-03 7.046220866728692300e+00
1.501620412100037640e-03 -4.185317016534527684e-04 9.999987224977276989e-01 3.539122299452845954e-01
0.000000000000000000e+00 0.000000000000000000e+00 0.000000000000000000e+00 1.000000000000000000e+00
5 9 73072
8.167076824892722797e-01 5.770518891966464059e-01 8.231033688520774045e-04 1.492633291133051721e+01
-5.770469324739730954e-01 8.167034026331397856e-01 -3.551089591841203978e-03 1.759349856006821611e+01
-2.721499619122510691e-03 2.425170862146464393e-03 9.999931401728591185e-01 3.831402158235962530e-01
0.000000000000000000e+00 0.000000000000000000e+00 0.000000000000000000e+00 1.000000000000000000e+00
5 11 63982
-4.405738406482352931e-01 8.977051578746403360e-01 4.525101595106724439e-03 -9.972194271230710783e+00
-8.977158467159258581e-01 -4.405596625015800738e-01 -3.729800343098688912e-03 -3.974464143429405905e+00
-1.354548958377455861e-03 -5.705554353405557257e-03 9.999822096635048174e-01 3.731161494172753335e-01
0.000000000000000000e+00 0.000000000000000000e+00 0.000000000000000000e+00 1.000000000000000000e+00
5 12 6830
-7.126228727723620260e-01 -7.013736113921112958e-01 1.564094931382122022e-02 -9.950721652001545792e+00
7.013605358569856563e-01 -7.127706391492167892e-01 -7.250934463591866830e-03 1.480397945914026536e+01
1.623410188042172242e-02 5.802797819281227225e-03 9.998519834099888204e-01 3.682139985731174292e-01
0.000000000000000000e+00 0.000000000000000000e+00 0.000000000000000000e+00 1.000000000000000000e+00
5 13 47440
4.395897167432191721e-01 -8.981963199681013421e-01 1.603686496598772521e-03 -6.587005866885042416e+00
8.981982073454902737e-01 4.395889229083244087e-01 -1.417847977253792503e-03 9.682107670560279544e+00
5.684932038242249608e-04 2.063673487058241638e-03 9.999977423126887865e-01 3.602990611986301994e-01
0.000000000000000000e+00 0.000000000000000000e+00 0.000000000000000000e+00 1.000000000000000000e+00
6 7 118965
9.992237319108289162e-01 -3.893555139297558143e-02 -6.038921531314513265e-03 9.167585603009936079e+00
3.892311459812783370e-02 9.992404088217159419e-01 -1.975879027428502875e-03 -1.650338140130180875e+00
6.111462808222050715e-03 1.739548470260803220e-03 9.999807891194908427e-01 -5.956783241556351527e-04
0.000000000000000000e+00 0.000000000000000000e+00 0.000000000000000000e+00 1.000000000000000000e+00
6 8 106142
9.746617726585811159e-01 -2.236803409340778759e-01 -5.945442966770284488e-04 4.053746923429919491e+00
2.236797624538589824e-01 9.746614847236264589e-01 1.119661557793214272e-03 -5.984105893668101750e+00
3.293958832562788935e-04 -1.224200092328208821e-03 9.999994311084731136e-01 -8.933061510315476461e-03
0.000000000000000000e+00 0.000000000000000000e+00 0.000000000000000000e+00 1.000000000000000000e+00
6 9 85132
-6.258742700201078146e-02 9.980374330879757672e-01 -1.628109681768596636e-03 1.732826803433923502e+01
-9.980387223580839962e-01 -6.259131012384672177e-02 -1.516653809050407583e-03 -7.417579978169081656e+00
-1.615869059858866591e-03 1.530310223833158392e-03 9.999976048251597582e-01 9.022207553994632256e-03
0.000000000000000000e+00 0.000000000000000000e+00 0.000000000000000000e+00 1.000000000000000000e+00
6 10 3442
-8.405491622211809233e-01 -5.416376137917926492e-01 -1.027810465865360012e-02 2.124004253102560469e+01
5.416531201199535905e-01 -8.406011730114402170e-01 1.498470891254453496e-03 1.203549937358702948e+01
-9.451738140441543271e-03 -4.308000841502784319e-03 9.999473126152869096e-01 4.760204567015280386e-01
0.000000000000000000e+00 0.000000000000000000e+00 0.000000000000000000e+00 1.000000000000000000e+00
6 11 104879
-9.953719438790386009e-01 9.609849034142602109e-02 1.625770391593130929e-04 -1.409770474278010610e+01
-9.609635441685319968e-02 -9.953602201620702639e-01 -4.761682605428739848e-03 2.457750374577186925e+00
-2.960330222398399234e-04 -4.755439050889937423e-03 9.999883501349742243e-01 1.889578023338245316e-02
0.000000000000000000e+00 0.000000000000000000e+00 0.000000000000000000e+00 1.000000000000000000e+00
6 12 11031
2.230430267978533165e-01 -9.748039963028303223e-01 2.998812809751949526e-03 1.898197834525277905e+00
9.746932635391392097e-01 2.229695603670645843e-01 -1.607178949971204904e-02 1.229440894763687808e+01
1.499853372289293961e-02 6.507321607063022186e-03 9.998672412419733480e-01 -1.170296623859445884e-02
0.000000000000000000e+00 0.000000000000000000e+00 0.000000000000000000e+00 1.000000000000000000e+00
6 13 75941
9.952653122750881876e-01 -9.718607535568851707e-02 5.974109356117829686e-04 -6.963753239375871651e-01
9.718638407034384252e-02 9.952650489610723739e-01 -1.061573245952970998e-03 6.743162715888147751e+00
-4.910629104996570155e-04 1.114699702926073279e-03 9.999995886421582103e-01 -1.130641238983798313e-02
0.000000000000000000e+00 0.000000000000000000e+00 0.000000000000000000e+00 1.000000000000000000e+00
7 8 87210
9.826132961324786086e-01 -1.855761198158947523e-01 5.560753892906821275e-03 -5.278606162020791359e+00
1.855624914114422097e-01 9.826275250626359536e-01 2.881247075411718511e-03 -4.131384654788538668e+00
-5.998718919666777734e-03 -1.799421314505934366e-03 9.999796451884037651e-01 3.110996355837103433e-02
0.000000000000000000e+00 0.000000000000000000e+00 0.000000000000000000e+00 1.000000000000000000e+00
7 9 81552
-1.013965912260286206e-01 9.948352537342142199e-01 4.425363571106025184e-03 7.929916978563598562e+00
-9.948462765683168119e-01 -1.013990596222467400e-01 2.871732190171329309e-04 -6.080573510675770343e+00
7.344098635087060491e-04 -4.373283865253646020e-03 9.999892705029345130e-01 -2.826859752447441476e-02
0.000000000000000000e+00 0.000000000000000000e+00 0.000000000000000000e+00 1.000000000000000000e+00
7 10 9895
-8.188706006490842348e-01 -5.739629969503708962e-01 -4.100858537552192623e-03 1.259870341959564932e+01
5.739513225451278178e-01 -8.188815272501661635e-01 3.636701385820461513e-03 1.320623229698386503e+01
-5.445761682842725424e-03 6.242487680764218991e-04 9.999852592387147299e-01 3.766539823095254591e-01
0.000000000000000000e+00 0.000000000000000000e+00 0.000000000000000000e+00 1.000000000000000000e+00
7 11 89047
-9.983410893618698267e-01 5.725114093870503629e-02 6.088292548640528330e-03 -2.308719598875011414e+01
-5.726964368239451098e-02 -9.983536096348684108e-01 -3.025124927534727538e-03 5.010820350205761997e+00
5.905028177165920489e-03 -3.368707490882503781e-03 9.999756145249804051e-01 1.518743509539742798e-01
0.000000000000000000e+00 0.000000000000000000e+00 0.000000000000000000e+00 1.000000000000000000e+00
7 13 33232
9.982721590169993942e-01 -5.836383515020460155e-02 6.666881336258364404e-03 -9.529654006507083608e+00
5.836162762375714935e-02 9.982945229174093882e-01 6.552621130129726666e-04 8.771150925764139572e+00
-6.693617553157404226e-03 -2.651986941193900217e-04 9.999769148216410830e-01 3.227216977176772250e-02
0.000000000000000000e+00 0.000000000000000000e+00 0.000000000000000000e+00 1.000000000000000000e+00
8 9 92303
-2.842446358442359267e-01 9.587503497119815865e-01 -1.597072767315697254e-03 1.261755179349174938e+01
-9.587492127643737483e-01 -2.842477466877528225e-01 -2.338327598274808454e-03 -4.366412959217500500e+00
-2.695942455458658852e-03 8.665261807876837100e-04 9.999958372026517273e-01 8.453741108205625743e-03
0.000000000000000000e+00 0.000000000000000000e+00 0.000000000000000000e+00 1.000000000000000000e+00
8 10 5381
-6.980978428687996118e-01 -7.159422907182394491e-01 -9.353494416193177535e-03 2.078165508291196062e+01
7.159540359961549250e-01 -6.981437819811699974e-01 2.535288622405871758e-03 1.371821466371065412e+01
-8.345321335503823670e-03 -4.926842883490010171e-03 9.999540661838028921e-01 4.949022477838685430e-01
0.000000000000000000e+00 0.000000000000000000e+00 0.000000000000000000e+00 1.000000000000000000e+00
8 11 77120
-9.916474277587281616e-01 -1.289812170154309712e-01 -5.776111457846659246e-04 -1.580325844565125415e+01
1.289831367731477108e-01 -9.916295156778479614e-01 -5.901663342839325206e-03 1.228803201999598826e+01
1.885128332953863069e-04 -5.926909485404455516e-03 9.999818844621197744e-01 4.807740730197107570e-02
0.000000000000000000e+00 0.000000000000000000e+00 0.000000000000000000e+00 1.000000000000000000e+00
8 12 3644
4.354172659995187988e-01 -9.002293390873857826e-01 -3.431340589423057734e-04 1.987623863569822902e+00
9.000882667630024647e-01 4.353556973198950408e-01 -1.755945754595751584e-02 1.829753472496170019e+01
1.595700628505446889e-02 7.336820104054347577e-03 9.998464267835311947e-01 1.897523464812600480e-02
0.000000000000000000e+00 0.000000000000000000e+00 0.000000000000000000e+00 1.000000000000000000e+00
8 13 39864
9.917870579592741320e-01 1.278987020146740150e-01 6.738538369216997767e-04 -1.782920049557639608e+00
-1.278959110411200528e-01 9.917844836191718194e-01 -2.392583430078006838e-03 1.346729658321313750e+01
-9.743242248480337916e-04 2.286714354317313791e-03 9.999970065664464114e-01 1.470060972860998127e-02
0.000000000000000000e+00 0.000000000000000000e+00 0.000000000000000000e+00 1.000000000000000000e+00
9 10 20445
-4.879658825728680482e-01 8.728589597492897312e-01 -2.467733248256943381e-03 -1.966049143558261392e+01
-8.728171509493285463e-01 -4.879687905657533187e-01 -8.821823864889000166e-03 2.687250741201324900e+00
-8.904567430718952209e-03 -2.150836577338693066e-03 9.999592202859021173e-01 4.311181746552966154e-01
0.000000000000000000e+00 0.000000000000000000e+00 0.000000000000000000e+00 1.000000000000000000e+00
9 11 51429
1.582074229801118115e-01 9.873998590146930709e-01 3.126598516496249380e-03 -7.889051222615600878e+00
-9.874056035290359468e-01 1.582022505525307876e-01 1.990266707969846893e-03 -3.198242083007583858e+01
1.470649870207929241e-03 -3.402036838926082891e-03 9.999927517407676270e-01 4.606903481971413861e-02
0.000000000000000000e+00 0.000000000000000000e+00 0.000000000000000000e+00 1.000000000000000000e+00
9 13 18176
-1.592873679310060075e-01 -9.872309219828309113e-01 -5.934834459205790089e-04 -1.300477849621498194e+01
9.872297519442240210e-01 -1.592873161357293288e-01 2.192675493343873832e-03 -1.887564397889144985e+01
-2.259223633873849984e-03 -2.367777575566021656e-04 9.999976693461533062e-01 -1.245707802073192649e-02
0.000000000000000000e+00 0.000000000000000000e+00 0.000000000000000000e+00 1.000000000000000000e+00
9 14 5465
-8.542251706032633063e-02 -9.963361046387779751e-01 -4.063554094120896444e-03 -1.767145713004537910e+01
9.962965233993967828e-01 -8.537682582398005426e-02 -1.018112202823284566e-02 -2.246930403656673292e+00
9.796561128512964664e-03 -4.918407943416225857e-03 9.999403961414995434e-01 -7.994967284094489646e-02
0.000000000000000000e+00 0.000000000000000000e+00 0.000000000000000000e+00 1.000000000000000000e+00
10 11 4482
7.846110063865339157e-01 -6.198699413537976932e-01 -1.216712198146414035e-02 2.451962194042208409e+01
6.199111330831192923e-01 7.846704396054761110e-01 -3.929562223205437799e-04 2.719329604063895545e+01
9.790998297307024895e-03 -7.234307660324972369e-03 9.999243402267435910e-01 -1.082285906397358888e-01
0.000000000000000000e+00 0.000000000000000000e+00 0.000000000000000000e+00 1.000000000000000000e+00
10 12 15006
3.403246892190617268e-01 9.400811945775245926e-01 -2.067612092571208954e-02 1.640261982794523021e+01
-9.402010519086070328e-01 3.405344010944935107e-01 7.578636890430895390e-03 1.026073790858153423e+01
1.416555299125469951e-02 1.686063371813419781e-02 9.997571393243439575e-01 -2.885020883850822893e-01
0.000000000000000000e+00 0.000000000000000000e+00 0.000000000000000000e+00 1.000000000000000000e+00
10 14 50948
-8.279881182090497171e-01 5.607413752361897208e-01 1.965293884932821367e-03 3.340603209793755468e+00
-5.607429007566238077e-01 -8.279890432689459567e-01 -7.295928097286342312e-04 4.144963901653326843e+00
1.217668412825780380e-03 -1.706187254158435685e-03 9.999971065946229309e-01 -4.724253463544892950e-01
0.000000000000000000e+00 0.000000000000000000e+00 0.000000000000000000e+00 1.000000000000000000e+00
11 13 25870
-9.999983789930786404e-01 1.092774116557650166e-03 -7.883986034357714535e-04 -1.375111770823807333e+01
-1.091476981273535379e-03 -9.999924709383249954e-01 -3.641211498873963941e-03 -2.977564681588894757e+00
-7.922951352592004764e-04 -3.640422457175872175e-03 9.999936894822917255e-01 -4.843316916082796020e-02
0.000000000000000000e+00 0.000000000000000000e+00 0.000000000000000000e+00 1.000000000000000000e+00
12 13 18991
3.167077307454049806e-01 9.484176759168523319e-01 1.409671692338843908e-02 -5.989458875646779035e+00
-9.485220334247467244e-01 3.166570154718544861e-01 5.688556979065225588e-03 1.291450937290525625e+00
9.312470636982908469e-04 -1.517277815069177117e-02 9.998838846309522355e-01 8.183663271805341477e-02
0.000000000000000000e+00 0.000000000000000000e+00 0.000000000000000000e+00 1.000000000000000000e+00
12 14 19631
2.454444698304902861e-01 9.692863327037466448e-01 1.552022843381026251e-02 1.302138203366148161e+00
-9.693074004814223876e-01 2.451539018973111772e-01 1.845955135873224989e-02 -1.436508104786854645e+01
1.408737007704075755e-02 -1.957486827396915513e-02 9.997088041978936523e-01 3.984528104017071026e-02
0.000000000000000000e+00 0.000000000000000000e+00 0.000000000000000000e+00 1.000000000000000000e+00
13 14 1033
9.971580701366729027e-01 7.442754318053602935e-02 -1.166291563217811307e-02 1.715985208049432487e+01
-7.436893068511486737e-02 9.972169573869089643e-01 5.396786641530736291e-03 1.958354110717138497e+00
1.203178334055639634e-02 -4.514151204807972766e-03 9.999176553078321650e-01 -2.826102261800444992e-02
0.000000000000000000e+00 0.000000000000000000e+00 0.000000000000000000e+00 1.000000000000000000e+00
