15
part2.ply
1 0 0 0
0 1 0 0
0 0 1 0
0 0 0 1
part0.ply
  -0.222944    0.974831 0.000857443    -18.4996
  -0.974817   -0.222945  0.00526407    -7.08783
 0.00532272  0.00033769    0.999986   -0.223647
          0           0           0           1
part1.ply
    0.984669     0.174431   0.00089097     -9.00058
   -0.174432     0.984669   0.00112632     -3.59221
-0.000680916  -0.00126463     0.999999   0.00065732
           0            0            0            1
part3.ply
   -0.558242    -0.829676   0.00198635      4.69577
    0.829678    -0.558239   0.00209033      4.60192
-0.000625402   0.00281501     0.999996   -0.0496495
           0            0            0            1
part4.ply
  -0.842331   -0.538811  -0.0127451     6.67241
    0.53833   -0.842252    0.028515 -0.00973701
  -0.026099    0.017158    0.999512  -0.0633826
          0           0           0           1
part5.ply
   -0.882781    -0.469781  -0.00184473    -0.117544
    0.469779    -0.882783   0.00100887      2.36577
 -0.00210235 2.40169e-005     0.999998     -1.02119
           0            0            0            1
part6.ply
  -0.862697    0.505666 -0.00743642    -2.84759
  -0.505719   -0.862557   0.0156221    -3.82664
 0.00148493   0.0172377     0.99985   -0.601403
          0           0           0           1
part7.ply
   -0.84287    0.538097  0.00472856    -11.6097
  -0.538102    -0.84288 0.000189006    -6.97848
 0.00408721 -0.00238502    0.999989   -0.698541
          0           0           0           1
part8.ply
   -0.728126     0.685443 -0.000694811     -9.38414
   -0.685436    -0.728113   0.00540093    -0.700804
  0.00319615   0.00440878     0.999985    -0.693716
           0            0            0            1
part9.ply
  -0.450645   -0.892704 0.000392109    -21.5588
   0.892688   -0.450634  0.00610638    -6.16168
-0.00527456  0.00310186    0.999982   -0.702547
          0           0           0           1
part10.ply
  -0.0372512     0.999306  0.000873089     -1.23669
   -0.999306   -0.0372515  0.000304073     -2.11996
 0.000336528 -0.000861213            1    -0.218547
           0            0            0            1
part11.ply
    0.809627    -0.586946  0.000252336      10.5474
    0.586946     0.809626 -0.000366494      1.23847
1.08778e-005  0.000444829            1    -0.689469
           0            0            0            1
part12.ply
  -0.432115    0.901818  0.00120524    -2.63946
   0.901817    0.432117 -0.00110911    -3.91803
-0.00152099  0.00060764   -0.999999    0.828577
          0           0           0           1
part13.ply
   -0.809247     0.587467   0.00138238      1.13771
   -0.587467    -0.809248  0.000636071     -9.26162
   0.0014924 -0.000297427     0.999999    -0.694898
           0            0            0            1
part14.ply
 -0.982826  -0.183408 -0.0203569   -16.1978
 -0.183706   0.982884  0.0138437   -8.95911
 0.0174696  0.0173456  -0.999697   0.998443
         0          0          0          1
