15
part2.ply
1 0 0 0
0 1 0 0
0 0 1 0
0 0 0 1
part0.ply
   -0.222567     0.974917   0.00135286     -18.4952
   -0.974917    -0.222565 -0.000732024     -7.08324
-0.000412596  -0.00148189     0.999999    -0.187508
           0            0            0            1
part1.ply
   0.984526    0.175241 0.000586586    -8.99129
  -0.175241    0.984526 -0.00047834    -3.58153
-0.00066141  0.00036798           1   0.0142879
          0           0           0           1
part3.ply
   -0.558963    -0.829193  0.000141877      4.69643
    0.829192    -0.558963  -0.00114578      4.60781
  0.00102941 -0.000522736            1     0.018465
           0            0            0            1
part4.ply
  -0.842095    -0.53929 -0.00667561     6.66174
   0.539154    -0.84207   0.0152831   0.0130156
 -0.0138636  0.00927068    0.999861   -0.130659
          0           0           0           1
part5.ply
    -0.882671     -0.469993 -6.16852e-005     -0.114114
     0.469992     -0.882669   -0.00164764       2.37648
  0.000719996   -0.00148326      0.999999      -1.00489
            0             0             0             1
part6.ply
   -0.863297     0.504697  0.000240682     -2.85493
   -0.504698    -0.863297 -0.000257367     -3.79616
7.75807e-005 -0.000343839            1    -0.650016
           0            0            0            1
part7.ply
 -0.842981   0.537927 0.00445684   -11.6022
  -0.53791  -0.842991 0.00449624   -6.99829
 0.0061756 0.00139295   0.999981  -0.649333
         0          0          0          1
part8.ply
   -0.728532     0.685011   0.00131904     -9.37468
   -0.685012    -0.728531 -0.000923902    -0.676015
 0.000328101  -0.00157668     0.999999    -0.656577
           0            0            0            1
part9.ply
  -0.449676   -0.893192 0.000880773     -21.558
   0.893192   -0.449673  0.00187366    -6.13813
-0.00127756  0.00162926    0.999998   -0.637099
          0           0           0           1
part11.ply
    0.810802    -0.585318  -0.00230288       10.556
    0.585322     0.810792   0.00377133      1.19715
-0.000340213  -0.00440574      0.99999    -0.633059
           0            0            0            1
part13.ply
    -0.81016     0.586208 -0.000810834       1.1495
   -0.586209     -0.81016  0.000357574     -9.26605
-0.000447266  0.000764949            1    -0.663695
           0            0            0            1
part10.ply
   0.999012   0.0433442     0.00987     -15.117
 -0.0433816    0.999053  0.00363636    -24.9063
-0.00970319 -0.00406099    0.999946   -0.176486
          0           0           0           1
part14.ply
  -0.851463    0.524282   0.0118017    -11.6047
  -0.524288   -0.851537  0.00282219    -20.9119
  0.0115289 -0.00378462    0.999927   -0.698133
          0           0           0           1
part12.ply
  0.299376   0.954079 -0.0104596    1.71131
 -0.954023   0.299491  0.0121039   -15.3679
 0.0146807 0.00635503   0.999873  -0.665799
         0          0          0          1
