0 1 13374
9.900970000000000049e-01 -6.610309999999999797e-02 -1.238569999999999949e-01 2.984849999999999781e+00
1.337929999999999953e-01 7.115920000000000023e-01 6.897379999999999622e-01 -6.722939999999999472e-01
4.254209999999999936e-02 -6.994780000000000442e-01 7.133880000000000221e-01 -1.399499999999999911e-01
0.000000000000000000e+00 0.000000000000000000e+00 0.000000000000000000e+00 1.000000000000000000e+00
0 2 31101
-1.753720000000000001e-01 6.778589999999999893e-01 7.139689999999999648e-01 -5.419110000000000316e-01
-9.837479999999999558e-01 -1.490410000000000068e-01 -1.001350000000000018e-01 -1.543549999999999978e+00
3.853349999999999831e-02 -7.199259999999999549e-01 6.929800000000000404e-01 -2.295850000000000113e-01
0.000000000000000000e+00 0.000000000000000000e+00 0.000000000000000000e+00 1.000000000000000000e+00
0 3 8161
-7.718840000000000146e-01 -5.384139999999999482e-01 -3.380909999999999749e-01 1.919089999999999963e+00
5.349490000000000078e-01 -2.626720000000000166e-01 -8.030150000000000343e-01 -1.664919999999999956e+00
3.435469999999999913e-01 -8.006959999999999633e-01 4.907770000000000188e-01 -1.382029999999999925e-01
0.000000000000000000e+00 0.000000000000000000e+00 0.000000000000000000e+00 1.000000000000000000e+00
0 4 44371
9.633669999999999733e-01 -2.406919999999999893e-01 1.182909999999999934e-01 1.418160000000000087e+00
-6.893900000000000028e-02 2.040029999999999899e-01 9.765399999999999636e-01 -8.500439999999999385e-02
-2.591769999999999907e-01 -9.489220000000000432e-01 1.799370000000000136e-01 -1.112500000000000044e+00
0.000000000000000000e+00 0.000000000000000000e+00 0.000000000000000000e+00 1.000000000000000000e+00
0 5 43433
-3.414929999999999910e-01 -8.408830000000000471e-01 -4.198790000000000022e-01 -1.037009999999999987e+00
9.384379999999999944e-01 -2.802700000000000191e-01 -2.019509999999999916e-01 -9.927510000000000501e-01
5.213720000000000160e-02 -4.629949999999999899e-01 8.848270000000000302e-01 -1.190179999999999988e-01
0.000000000000000000e+00 0.000000000000000000e+00 0.000000000000000000e+00 1.000000000000000000e+00
0 6 27095
-3.371299999999999852e-01 -8.497919999999999918e-01 -4.052160000000000206e-01 -9.262629999999999475e-01
9.378140000000000365e-01 -2.652909999999999990e-01 -2.238880000000000037e-01 -1.072950000000000070e+00
8.275770000000000348e-02 -4.554969999999999852e-01 8.863839999999999497e-01 -6.842710000000000459e-02
0.000000000000000000e+00 0.000000000000000000e+00 0.000000000000000000e+00 1.000000000000000000e+00
0 7 22074
2.450249999999999928e-01 9.441730000000000400e-01 2.202320000000000111e-01 1.056939999999999963e-01
-9.494839999999999947e-01 1.877489999999999992e-01 2.514589999999999881e-01 1.594160000000000021e+00
1.960729999999999973e-01 -2.707200000000000162e-01 9.424789999999999557e-01 -2.729509999999999881e+00
0.000000000000000000e+00 0.000000000000000000e+00 0.000000000000000000e+00 1.000000000000000000e+00
0 8 28573
-3.943349999999999911e-01 9.025009999999999977e-01 1.731890000000000096e-01 -1.462409999999999988e+00
-9.139749999999999819e-01 -3.655490000000000128e-01 -1.761359999999999870e-01 -8.455629999999999535e-01
-9.565339999999999954e-02 -2.277470000000000050e-01 9.690119999999999845e-01 2.684770000000000212e-01
0.000000000000000000e+00 0.000000000000000000e+00 0.000000000000000000e+00 1.000000000000000000e+00
0 9 5516
2.206089999999999995e-01 9.014069999999999583e-01 3.725539999999999963e-01 -2.424160000000000093e+00
-9.654179999999999984e-01 2.562079999999999913e-01 -4.822760000000000241e-02 -3.218900000000000095e+00
-1.389239999999999919e-01 -3.490309999999999802e-01 9.267570000000000530e-01 4.970740000000000158e-01
0.000000000000000000e+00 0.000000000000000000e+00 0.000000000000000000e+00 1.000000000000000000e+00
