0 1 13374
9.900970000000000049e-01 -6.610309999999999797e-02 -1.238569999999999949e-01 2.984849999999999781e+00
1.337929999999999953e-01 7.115920000000000023e-01 6.897379999999999622e-01 -6.722939999999999472e-01
4.254209999999999936e-02 -6.994780000000000442e-01 7.133880000000000221e-01 -1.399499999999999911e-01
0.000000000000000000e+00 0.000000000000000000e+00 0.000000000000000000e+00 1.000000000000000000e+00
0 2 31101
-1.753720000000000001e-01 6.778589999999999893e-01 7.139689999999999648e-01 -5.419110000000000316e-01
-9.837479999999999558e-01 -1.490410000000000068e-01 -1.001350000000000018e-01 -1.543549999999999978e+00
3.853349999999999831e-02 -7.199259999999999549e-01 6.929800000000000404e-01 -2.295850000000000113e-01
0.000000000000000000e+00 0.000000000000000000e+00 0.000000000000000000e+00 1.000000000000000000e+00
0 3 8161
-7.718840000000000146e-01 -5.384139999999999482e-01 -3.380909999999999749e-01 1.919089999999999963e+00
5.349490000000000078e-01 -2.626720000000000166e-01 -8.030150000000000343e-01 -1.664919999999999956e+00
3.435469999999999913e-01 -8.006959999999999633e-01 4.907770000000000188e-01 -1.382029999999999925e-01
0.000000000000000000e+00 0.000000000000000000e+00 0.000000000000000000e+00 1.000000000000000000e+00
0 4 44371
9.633669999999999733e-01 -2.406919999999999893e-01 1.182909999999999934e-01 1.418160000000000087e+00
-6.893900000000000028e-02 2.040029999999999899e-01 9.765399999999999636e-01 -8.500439999999999385e-02
-2.591769999999999907e-01 -9.489220000000000432e-01 1.799370000000000136e-01 -1.112500000000000044e+00
0.000000000000000000e+00 0.000000000000000000e+00 0.000000000000000000e+00 1.000000000000000000e+00
0 5 43433
-3.414929999999999910e-01 -8.408830000000000471e-01 -4.198790000000000022e-01 -1.037009999999999987e+00
9.384379999999999944e-01 -2.802700000000000191e-01 -2.019509999999999916e-01 -9.927510000000000501e-01
5.213720000000000160e-02 -4.629949999999999899e-01 8.848270000000000302e-01 -1.190179999999999988e-01
0.000000000000000000e+00 0.000000000000000000e+00 0.000000000000000000e+00 1.000000000000000000e+00
0 6 27095
-3.371299999999999852e-01 -8.497919999999999918e-01 -4.052160000000000206e-01 -9.262629999999999475e-01
9.378140000000000365e-01 -2.652909999999999990e-01 -2.238880000000000037e-01 -1.072950000000000070e+00
8.275770000000000348e-02 -4.554969999999999852e-01 8.863839999999999497e-01 -6.842710000000000459e-02
0.000000000000000000e+00 0.000000000000000000e+00 0.000000000000000000e+00 1.000000000000000000e+00
0 7 22074
2.450249999999999928e-01 9.441730000000000400e-01 2.202320000000000111e-01 1.056939999999999963e-01
-9.494839999999999947e-01 1.877489999999999992e-01 2.514589999999999881e-01 1.594160000000000021e+00
1.960729999999999973e-01 -2.707200000000000162e-01 9.424789999999999557e-01 -2.729509999999999881e+00
0.000000000000000000e+00 0.000000000000000000e+00 0.000000000000000000e+00 1.000000000000000000e+00
0 8 28573
-3.943349999999999911e-01 9.025009999999999977e-01 1.731890000000000096e-01 -1.462409999999999988e+00
-9.139749999999999819e-01 -3.655490000000000128e-01 -1.761359999999999870e-01 -8.455629999999999535e-01
-9.565339999999999954e-02 -2.277470000000000050e-01 9.690119999999999845e-01 2.684770000000000212e-01
0.000000000000000000e+00 0.000000000000000000e+00 0.000000000000000000e+00 1.000000000000000000e+00
0 9 5516
2.206089999999999995e-01 9.014069999999999583e-01 3.725539999999999963e-01 -2.424160000000000093e+00
-9.654179999999999984e-01 2.562079999999999913e-01 -4.822760000000000241e-02 -3.218900000000000095e+00
-1.389239999999999919e-01 -3.490309999999999802e-01 9.267570000000000530e-01 4.970740000000000158e-01
0.000000000000000000e+00 0.000000000000000000e+00 0.000000000000000000e+00 1.000000000000000000e+00
1 3 8804
-6.780512661026850685e-01 -6.022872039909604736e-01 -4.213005809192238438e-01 -1.187934373165217661e+00
1.913854288758767008e-01 4.087441339537533636e-01 -8.923557320999646603e-01 -6.371147967910546495e-01
7.096595706500637979e-01 -6.856940517774238186e-01 -1.618799185496467841e-01 -5.514019873241230441e-01
0.000000000000000000e+00 0.000000000000000000e+00 0.000000000000000000e+00 1.000000000000000000e+00
1 4 9420
9.335752096666606326e-01 -2.513826505820283552e-01 2.554273409137221007e-01 -1.513970692517884631e+00
6.855026002255819317e-02 8.248257372346385896e-01 5.612152037955784323e-01 1.201748697647845088e+00
-3.517634879576067020e-01 -5.064287556158274528e-01 7.872690216833451160e-01 -9.468302223827052000e-02
0.000000000000000000e+00 0.000000000000000000e+00 0.000000000000000000e+00 1.000000000000000000e+00
1 7 49724
1.239058713922843447e-01 9.484230716353603263e-01 2.917883839332050533e-01 -2.657567882119223235e+00
-8.289889476655724065e-01 2.605497774114225451e-01 -4.948642258904745184e-01 3.614444472361364014e+00
-5.453662622676259675e-01 -1.805736456901877729e-01 8.185154087179178362e-01 7.250319494621038086e-02
0.000000000000000000e+00 0.000000000000000000e+00 0.000000000000000000e+00 1.000000000000000000e+00
2 5 32329
-8.612887849265685736e-01 4.053417917973841100e-01 3.063992016348698888e-01 -4.507601055036538629e-01
-4.088848872037268989e-01 -1.949061706184560538e-01 -8.915302783736931413e-01 -4.972991751902933744e-01
-3.016554444732348905e-01 -8.931459172312146144e-01 3.336092516022734489e-01 -3.320185885200470643e-01
0.000000000000000000e+00 0.000000000000000000e+00 0.000000000000000000e+00 1.000000000000000000e+00
2 6 32632
-8.602601681903838671e-01 3.924575490584620296e-01 3.254681873206298759e-01 -3.893370440903156648e-01
-4.278788958272997656e-01 -2.085757127838799296e-01 -8.794422415239635527e-01 -4.466970916045168716e-01
-2.772585165032185328e-01 -8.958106172880772045e-01 3.473538001565696365e-01 -2.098594928887115296e-01
0.000000000000000000e+00 0.000000000000000000e+00 0.000000000000000000e+00 1.000000000000000000e+00
2 8 27161
9.645903486281256489e-01 1.925585239686405103e-01 1.802400143946756572e-01 -5.060211665649465562e-01
-6.222041581732863647e-02 8.302115076383852488e-01 -5.539681868679446897e-01 -1.086565454723206647e+00
-2.563083166564230631e-01 5.231376027659189187e-01 8.127949154466664883e-01 -3.819532380952248563e-01
0.000000000000000000e+00 0.000000000000000000e+00 0.000000000000000000e+00 1.000000000000000000e+00
2 9 7189
9.056858174635857850e-01 -4.235750826525619406e-01 1.781911582951484219e-02 2.006216402575633051e+00
3.934438013244218046e-01 8.241181957391141566e-01 -4.074698919432664379e-01 -1.549344998268288309e+00
1.579081325075075981e-01 3.760497368366618742e-01 9.130453947776782098e-01 -6.725465193395824270e-01
0.000000000000000000e+00 0.000000000000000000e+00 0.000000000000000000e+00 1.000000000000000000e+00
3 7 7933
-6.296961076817663150e-01 -7.213609545133291556e-01 2.883103636621984767e-01 2.252936525517954092e+00
-3.951614208081102864e-02 -3.409080334683593505e-01 -9.392660770307320606e-01 2.195134221426976673e+00
7.758366667676166450e-01 -6.028446869470059921e-01 1.861624499125743015e-01 -3.275747221186855462e+00
0.000000000000000000e+00 0.000000000000000000e+00 0.000000000000000000e+00 1.000000000000000000e+00
3 9 2616
-7.344609934288333086e-01 -6.786320212211919278e-01 5.017133078692059822e-03 2.739432465495459823e+00
2.460457957569431309e-01 -2.731612673026154181e-01 -9.299703390230691369e-01 2.237990452549618148e+00
6.324782037236803545e-01 -6.817926249389398841e-01 3.676004548049299769e-01 3.028062028520285942e+00
0.000000000000000000e+00 0.000000000000000000e+00 0.000000000000000000e+00 1.000000000000000000e+00
4 7 16243
2.506880248495539920e-01 9.668049202330820657e-01 -4.943985702071299060e-02 -9.610544014892573594e-01
-4.387306299338656346e-01 6.793838133632579268e-02 -8.960458568078081276e-01 2.192866001887781469e+00
-8.629441226744406501e-01 2.463185643068322161e-01 4.411971948135379185e-01 1.193559943916909560e+00
0.000000000000000000e+00 0.000000000000000000e+00 0.000000000000000000e+00 1.000000000000000000e+00
5 6 16129
9.995209642193676469e-01 1.749012268830375458e-02 -2.551260441197666928e-02 -1.104432252664391267e-01
-1.767101055410566501e-02 9.998217232797483867e-01 -6.902459174622899152e-03 -9.407119283412468391e-02
2.538788492304573652e-02 7.350106569174008619e-03 9.996511766403979315e-01 1.446001150295561644e-02
0.000000000000000000e+00 0.000000000000000000e+00 0.000000000000000000e+00 1.000000000000000000e+00
5 8 30577
-7.280322830979724102e-01 -6.631158221280147869e-01 -1.739131963247328161e-01 3.036004628932790772e-01
6.320369262696882151e-01 -5.509997156609778290e-01 -5.449133125466252281e-01 1.370511781208409996e-01
2.655141642700435956e-01 -5.066347558460597700e-01 8.202588844563931669e-01 4.917572951097776146e-01
0.000000000000000000e+00 0.000000000000000000e+00 0.000000000000000000e+00 1.000000000000000000e+00
6 8 3818
-7.321126500184256258e-01 -6.659239396807709044e-01 -1.433764754824119747e-01 4.218787787776991927e-01
6.211406465233423324e-01 -5.662209816048585642e-01 -5.418271033558158534e-01 2.418299539998165493e-01
2.796330485724840553e-01 -4.857360070072891389e-01 8.281702820084374528e-01 4.649713906688334175e-01
0.000000000000000000e+00 0.000000000000000000e+00 0.000000000000000000e+00 1.000000000000000000e+00
8 9 1867
8.086628187664453016e-01 -5.562377776466459478e-01 -1.914798014963943751e-01 2.526556302175904101e+00
5.836455543324403639e-01 7.993524774267286581e-01 1.427933115642343043e-01 -5.247072417066167560e-02
7.363259911244093847e-02 -2.272282551339306900e-01 9.710530460761729321e-01 4.729772702266400453e-01
0.000000000000000000e+00 0.000000000000000000e+00 0.000000000000000000e+00 1.000000000000000000e+00
