10
part0.ply
1 0 0 0
0 1 0 0
0 0 1 0
0 0 0 1
part1.ply
  0.990097 -0.0661031  -0.123857    2.98485
  0.133793   0.711592   0.689738  -0.672294
 0.0425421  -0.699478   0.713388   -0.13995
         0          0          0          1
part2.ply
-0.175372  0.677859  0.713969 -0.541911
-0.983748 -0.149041 -0.100135  -1.54355
0.0385335 -0.719926   0.69298 -0.229585
        0         0         0         1
part4.ply
  0.963367  -0.240692   0.118291    1.41816
 -0.068939   0.204003    0.97654 -0.0850044
 -0.259177  -0.948922   0.179937    -1.1125
         0          0          0          1
part5.ply
-0.341493 -0.840883 -0.419879  -1.03701
 0.938438  -0.28027 -0.201951 -0.992751
0.0521372 -0.462995  0.884827 -0.119018
        0         0         0         1
part6.ply
  -0.33713  -0.849792  -0.405216  -0.926263
  0.937814  -0.265291  -0.223888   -1.07295
 0.0827577  -0.455497   0.886384 -0.0684271
         0          0          0          1
part7.ply
 0.245025  0.944173  0.220232  0.105694
-0.949484  0.187749  0.251459   1.59416
 0.196073  -0.27072  0.942479  -2.72951
        0         0         0         1
part8.ply
 -0.394335   0.902501   0.173189   -1.46241
 -0.913975  -0.365549  -0.176136  -0.845563
-0.0956534  -0.227747   0.969012   0.268477
         0          0          0          1
part3.ply
-0.771884 -0.538414 -0.338091   1.91909
 0.534949 -0.262672 -0.803015  -1.66492
 0.343547 -0.800696  0.490777 -0.138203
        0         0         0         1
part9.ply
  0.220609   0.901407   0.372554   -2.42416
 -0.965418   0.256208 -0.0482276    -3.2189
 -0.138924  -0.349031   0.926757   0.497074
         0          0          0          1
