10
part0.ply
1 0 0 0
0 1 0 0
0 0 1 0
0 0 0 1
part1.ply
  0.989575 -0.0722574  -0.124581    2.99444
  0.138504   0.714579   0.685707  -0.681465
 0.0394759  -0.695814   0.717137  -0.142941
         0          0          0          1
part2.ply
-0.180207  0.674702  0.715753 -0.520917
-0.982901 -0.151516 -0.104642  -1.53694
0.0378461 -0.722371  0.690469 -0.228919
        0         0         0         1
part3.ply
 0.408056 -0.216806   0.88684 -0.545118
0.0416028 -0.965968 -0.255293  -1.65131
 0.912008  0.141069  -0.38515 -0.623953
        0         0         0         1
part4.ply
  0.963354  -0.239697   0.120396     1.4168
-0.0720218    0.20122   0.976895 -0.0794332
 -0.258385  -0.949767   0.176583     -1.111
         0          0          0          1
part5.ply
-0.342035 -0.836756 -0.427611  -1.04249
 0.938102 -0.277632 -0.207088 -0.994599
0.0545633 -0.471974  0.879923 -0.105722
        0         0         0         1
part6.ply
 -0.332084  -0.850424  -0.408044  -0.906727
  0.938549  -0.254776  -0.232841    -1.0807
 0.0940536  -0.460292   0.882772 -0.0387192
         0          0          0          1
part7.ply
 0.252307  0.943911  0.213013  0.111375
-0.947633  0.196485  0.251767   1.55738
 0.195792  -0.26538  0.944055  -2.74634
        0         0         0         1
part8.ply
-0.396517  0.901385  0.174014  -1.45736
-0.913037 -0.367475  -0.17699 -0.848821
 -0.09559 -0.229061  0.968708  0.268674
        0         0         0         1
part9.ply
 -0.960828   0.275691 -0.0283759  -0.586551
 -0.243082  -0.887479  -0.391527    5.50453
 -0.133123  -0.369292   0.919729   0.572642
         0          0          0          1
