0 1 15321
-9.059359999999999635e-01 3.505440000000000222e-01 2.374890000000000057e-01 1.271989999999999954e+00
-3.839980000000000060e-01 -4.438699999999999868e-01 -8.096459999999999768e-01 -1.138379999999999947e+00
-1.784010000000000040e-01 -8.246820000000000261e-01 5.367260000000000364e-01 -3.460230000000000250e-01
0.000000000000000000e+00 0.000000000000000000e+00 0.000000000000000000e+00 1.000000000000000000e+00
0 2 10519
-9.055950000000000388e-01 3.573709999999999942e-01 2.284400000000000042e-01 1.260250000000000092e+00
-3.790680000000000160e-01 -4.403110000000000079e-01 -8.138999999999999568e-01 -1.128509999999999902e+00
-1.902800000000000047e-01 -8.236580000000000013e-01 5.342120000000000202e-01 -3.416690000000000005e-01
0.000000000000000000e+00 0.000000000000000000e+00 0.000000000000000000e+00 1.000000000000000000e+00
0 3 19322
-9.109199999999999520e-01 3.396939999999999960e-01 2.341650000000000120e-01 1.255819999999999936e+00
-3.711090000000000222e-01 -4.265889999999999960e-01 -8.248039999999999816e-01 -1.136479999999999935e+00
-1.802880000000000038e-01 -8.382309999999999484e-01 5.146519999999999984e-01 -3.358590000000000186e-01
0.000000000000000000e+00 0.000000000000000000e+00 0.000000000000000000e+00 1.000000000000000000e+00
0 4 2178
-9.142890000000000184e-01 3.236450000000000160e-01 2.435779999999999890e-01 1.234879999999999978e+00
-3.766669999999999741e-01 -4.581160000000000232e-01 -8.051420000000000243e-01 -1.138579999999999925e+00
-1.489929999999999866e-01 -8.278790000000000315e-01 5.407560000000000144e-01 -3.477529999999999788e-01
0.000000000000000000e+00 0.000000000000000000e+00 0.000000000000000000e+00 1.000000000000000000e+00
0 5 36729
-9.097269999999999524e-01 3.405520000000000214e-01 2.375329999999999941e-01 1.260709999999999997e+00
-3.790319999999999800e-01 -4.475930000000000186e-01 -8.099359999999999893e-01 -1.136640000000000095e+00
-1.695069999999999910e-01 -8.268539999999999779e-01 5.362670000000000492e-01 -3.463680000000000092e-01
0.000000000000000000e+00 0.000000000000000000e+00 0.000000000000000000e+00 1.000000000000000000e+00
0 6 15556
-9.173829999999999485e-01 3.331140000000000212e-01 2.178249999999999909e-01 1.237710000000000088e+00
-3.607230000000000159e-01 -4.645889999999999742e-01 -8.087269999999999737e-01 -1.165159999999999973e+00
-1.681979999999999864e-01 -8.204850000000000199e-01 5.463670000000000471e-01 -3.451569999999999916e-01
0.000000000000000000e+00 0.000000000000000000e+00 0.000000000000000000e+00 1.000000000000000000e+00
0 7 2217
-9.069549999999999557e-01 3.468589999999999729e-01 2.390079999999999982e-01 1.275430000000000064e+00
-3.841649999999999787e-01 -4.483710000000000195e-01 -8.070829999999999949e-01 -1.132239999999999913e+00
-1.727779999999999871e-01 -8.238050000000000095e-01 5.399030000000000218e-01 -3.452299999999999813e-01
0.000000000000000000e+00 0.000000000000000000e+00 0.000000000000000000e+00 1.000000000000000000e+00
0 8 9185
-9.205379999999999674e-01 3.228840000000000043e-01 2.198960000000000081e-01 1.227789999999999937e+00
-3.552910000000000235e-01 -4.579599999999999782e-01 -8.148879999999999457e-01 -1.166150000000000020e+00
-1.624099999999999988e-01 -8.282620000000000537e-01 5.362879999999999869e-01 -3.631960000000000188e-01
0.000000000000000000e+00 0.000000000000000000e+00 0.000000000000000000e+00 1.000000000000000000e+00
0 9 45651
-9.078230000000000466e-01 3.425599999999999756e-01 2.418919999999999959e-01 1.265200000000000102e+00
-3.849859999999999949e-01 -4.520970000000000266e-01 -8.046090000000000186e-01 -1.132489999999999997e+00
-1.662679999999999991e-01 -8.235660000000000203e-01 5.423040000000000083e-01 -3.480559999999999765e-01
0.000000000000000000e+00 0.000000000000000000e+00 0.000000000000000000e+00 1.000000000000000000e+00
0 10 12060
-9.033940000000000303e-01 3.475980000000000181e-01 2.511120000000000019e-01 1.286620000000000097e+00
-3.949159999999999893e-01 -4.462050000000000183e-01 -8.030840000000000201e-01 -1.120030000000000081e+00
-1.671030000000000015e-01 -8.246689999999999854e-01 5.403710000000000457e-01 -3.582750000000000101e-01
0.000000000000000000e+00 0.000000000000000000e+00 0.000000000000000000e+00 1.000000000000000000e+00
0 11 2025
-8.995990000000000375e-01 4.055610000000000048e-01 1.619950000000000001e-01 1.102109999999999923e+00
-3.498899999999999788e-01 -4.473460000000000214e-01 -8.230790000000000051e-01 -1.197370000000000045e+00
-2.613409999999999900e-01 -7.971219999999999972e-01 5.443329999999999558e-01 -2.797129999999999894e-01
0.000000000000000000e+00 0.000000000000000000e+00 0.000000000000000000e+00 1.000000000000000000e+00
0 12 32531
-9.075550000000000006e-01 3.436980000000000035e-01 2.412809999999999955e-01 1.275439999999999907e+00
-3.851249999999999951e-01 -4.521760000000000224e-01 -8.044970000000000176e-01 -1.135000000000000009e+00
-1.674029999999999963e-01 -8.230490000000000306e-01 5.427419999999999467e-01 -3.482009999999999827e-01
0.000000000000000000e+00 0.000000000000000000e+00 0.000000000000000000e+00 1.000000000000000000e+00
0 13 6373
-9.063900000000000290e-01 3.292780000000000151e-01 2.646390000000000131e-01 1.295579999999999954e+00
-3.981370000000000187e-01 -4.564250000000000251e-01 -7.957159999999999789e-01 -1.129599999999999937e+00
-1.412239999999999884e-01 -8.265909999999999647e-01 5.447969999999999757e-01 -3.151320000000000232e-01
0.000000000000000000e+00 0.000000000000000000e+00 0.000000000000000000e+00 1.000000000000000000e+00
0 14 15598
-9.074689999999999701e-01 3.442740000000000244e-01 2.407829999999999970e-01 1.226669999999999927e+00
-3.838799999999999990e-01 -4.466269999999999962e-01 -8.081850000000000422e-01 -1.117310000000000025e+00
-1.706969999999999876e-01 -8.258339999999999570e-01 5.374590000000000201e-01 -3.413359999999999728e-01
0.000000000000000000e+00 0.000000000000000000e+00 0.000000000000000000e+00 1.000000000000000000e+00
0 15 16210
-9.123740000000000183e-01 3.352849999999999997e-01 2.348600000000000132e-01 1.228010000000000046e+00
-3.753360000000000030e-01 -4.561680000000000179e-01 -8.068670000000000009e-01 -1.138830000000000009e+00
-1.633940000000000115e-01 -8.243150000000000199e-01 5.420399999999999663e-01 -3.567259999999999875e-01
0.000000000000000000e+00 0.000000000000000000e+00 0.000000000000000000e+00 1.000000000000000000e+00
0 17 5786
-8.992689999999999850e-01 3.323169999999999735e-01 2.843990000000000129e-01 1.345439999999999969e+00
-4.140309999999999824e-01 -4.370479999999999920e-01 -7.984790000000000498e-01 -1.096510000000000096e+00
-1.410520000000000107e-01 -8.357970000000000121e-01 5.306119999999999726e-01 -3.717380000000000129e-01
0.000000000000000000e+00 0.000000000000000000e+00 0.000000000000000000e+00 1.000000000000000000e+00
0 18 2129
-9.137429999999999719e-01 3.400960000000000094e-01 2.222800000000000054e-01 1.243300000000000072e+00
-3.671380000000000199e-01 -4.568249999999999811e-01 -8.102599999999999802e-01 -1.109229999999999938e+00
-1.740230000000000110e-01 -8.219769999999999577e-01 5.422839999999999883e-01 -3.498109999999999831e-01
0.000000000000000000e+00 0.000000000000000000e+00 0.000000000000000000e+00 1.000000000000000000e+00
0 19 764
-9.131320000000000547e-01 3.235999999999999988e-01 2.479389999999999927e-01 1.245239999999999903e+00
-3.833190000000000208e-01 -4.745159999999999934e-01 -7.924029999999999685e-01 -1.108859999999999957e+00
-1.387700000000000045e-01 -8.186080000000000023e-01 5.573369999999999713e-01 -3.676420000000000243e-01
0.000000000000000000e+00 0.000000000000000000e+00 0.000000000000000000e+00 1.000000000000000000e+00
1 2 1638
9.999172017095416809e-01 -7.734145544934928340e-03 1.027982881553010652e-02 6.068849313778268417e-03
7.727634087320467415e-03 9.999689471571093780e-01 7.894109698500795247e-04 -1.208701989537619426e-02
-1.028631101049036489e-02 -7.105823454474080592e-04 9.999458657824611407e-01 -8.442406283525549782e-03
0.000000000000000000e+00 0.000000000000000000e+00 0.000000000000000000e+00 1.000000000000000000e+00
1 3 6441
9.999024728236028947e-01 5.610686710167706037e-03 1.277000576076661731e-02 1.210608696093573577e-02
-5.911969153146179323e-03 9.996996950730426823e-01 2.376696885186324604e-02 -1.489367256910290038e-02
-1.263194533328239333e-02 -2.384029085230132683e-02 9.996355183173886161e-01 7.675115102467877648e-05
0.000000000000000000e+00 0.000000000000000000e+00 0.000000000000000000e+00 1.000000000000000000e+00
1 5 8471
9.999407584939870031e-01 1.086920865130006075e-02 1.533846754888656960e-04 9.612331867947632169e-03
-1.086787001284217347e-02 9.999411140291587508e-01 5.226743649842102712e-04 -4.441936152266068305e-03
-1.473852987277646243e-04 -5.244473112996916875e-04 9.999988897876304073e-01 -4.272822953144128633e-03
0.000000000000000000e+00 0.000000000000000000e+00 0.000000000000000000e+00 1.000000000000000000e+00
1 6 608
9.996124475572293333e-01 2.299773472529853535e-02 1.574142759458463381e-02 4.118439576558796666e-02
-2.275794085261667599e-02 9.996254026459998610e-01 -1.525172336264390971e-02 -8.439304882814635533e-04
-1.608680019518402005e-02 1.488822076373491621e-02 9.997605197030692281e-01 1.400596040817791987e-02
0.000000000000000000e+00 0.000000000000000000e+00 0.000000000000000000e+00 1.000000000000000000e+00
1 12 2403
9.999374105769152088e-01 9.100182523163385939e-03 -6.485773000529465593e-03 -4.034827145897201817e-03
-9.137120707106594075e-03 9.999402669532517773e-01 -5.917505851492310676e-03 1.505244758505330793e-03
6.430869764748020634e-03 5.975527352609089071e-03 9.999606336386014371e-01 -3.086246874050235789e-03
0.000000000000000000e+00 0.000000000000000000e+00 0.000000000000000000e+00 1.000000000000000000e+00
2 4 4794
9.991070236291877960e-01 3.809452636027294004e-02 -1.827394249966156348e-02 2.794978574797823967e-02
-3.817050744703910647e-02 9.992637059137126077e-01 -3.836377322250728028e-03 3.785619980707366494e-04
1.811573052149434426e-02 4.532230577578733044e-03 9.998258581774164266e-01 -8.496798081427670013e-04
0.000000000000000000e+00 0.000000000000000000e+00 0.000000000000000000e+00 1.000000000000000000e+00
2 5 15584
9.997755925606365279e-01 1.859968581709228741e-02 -1.012821282135176193e-02 3.559371895067497960e-03
-1.860233957188942022e-02 9.998281320803659167e-01 -1.884348411279601621e-04 7.614489802435953081e-03
1.012394694491068614e-02 3.773554886944419096e-04 9.999487053828430838e-01 4.211834863103725013e-03
0.000000000000000000e+00 0.000000000000000000e+00 0.000000000000000000e+00 1.000000000000000000e+00
2 14 641
9.997949156898524592e-01 1.466880149353341767e-02 -1.396195328343846631e-02 2.610091271181502748e-02
-1.468061236670026304e-02 9.998927962157680982e-01 -7.797636086867565375e-04 -1.720629299558784631e-02
1.394984151747528933e-02 9.862756614917866926e-04 9.999027745442325976e-01 -1.660879801531134348e-02
0.000000000000000000e+00 0.000000000000000000e+00 0.000000000000000000e+00 1.000000000000000000e+00
3 5 6005
9.999098712486154117e-01 4.962039034005910620e-03 -1.248254189129291425e-02 -2.500367745684184406e-03
-5.251835284465211640e-03 9.997149910975187126e-01 -2.331676713927149924e-02 1.053831054830856040e-02
1.236272223820726601e-02 2.338025072481436650e-02 9.996496864902575386e-01 -4.131428054130914518e-03
0.000000000000000000e+00 0.000000000000000000e+00 0.000000000000000000e+00 1.000000000000000000e+00
3 6 3913
9.998532592055703327e-01 1.689654956320305046e-02 3.200275414668038443e-03 2.881644492516977074e-02
-1.676018697888534414e-02 9.990999697972191562e-01 -3.899331318954218917e-02 1.387657541945119810e-02
-3.857682270435425220e-03 3.893468190300169995e-02 9.992355365291045732e-01 1.462937074584602648e-02
0.000000000000000000e+00 0.000000000000000000e+00 0.000000000000000000e+00 1.000000000000000000e+00
3 7 4844
9.998794225962924775e-01 -1.044107103103125711e-03 -1.554044733751171192e-02 -1.774714408327837667e-02
6.213248144373295645e-04 9.996335627371074617e-01 -2.708057978442085512e-02 1.270770414623956235e-02
1.556211782247231279e-02 2.706800118387603371e-02 9.995131901889817705e-01 -3.727966778093838585e-03
0.000000000000000000e+00 0.000000000000000000e+00 0.000000000000000000e+00 1.000000000000000000e+00
3 12 728
9.998131875710133398e-01 3.111076433285814291e-03 -1.908249081276769399e-02 -1.619635877277580960e-02
-3.678450049127979238e-03 9.995492602387703318e-01 -2.979134874575944947e-02 1.637886635000307400e-02
1.897967771945369142e-02 2.985525307821385033e-02 9.993736036114519994e-01 -2.978198104732543428e-03
0.000000000000000000e+00 0.000000000000000000e+00 0.000000000000000000e+00 1.000000000000000000e+00
3 19 2779
9.990609663244738314e-01 2.890862297324284236e-02 -3.226687976263795110e-02 5.117635193985337061e-03
-3.034436821684445562e-02 9.985295153779807364e-01 -4.492279487513606284e-02 1.126510881285325283e-02
3.092014289642906755e-02 4.586064374256848541e-02 9.984688479018313245e-01 -4.161567109588615310e-02
0.000000000000000000e+00 0.000000000000000000e+00 0.000000000000000000e+00 1.000000000000000000e+00
4 5 7892
9.997762751149044114e-01 -1.957423959104860611e-02 8.001436511097706483e-03 -2.455314843276568126e-02
1.954302845244731968e-02 9.998025437343850408e-01 3.956120626262216167e-03 6.324396274388188743e-03
-8.077710815268687727e-03 -3.800040267903093127e-03 9.999599583140037495e-01 5.478603323497255317e-03
0.000000000000000000e+00 0.000000000000000000e+00 0.000000000000000000e+00 1.000000000000000000e+00
5 6 9451
9.998032991499599120e-01 1.212896677349162289e-02 1.575861627567712309e-02 3.152839656402062207e-02
-1.188457398801459619e-02 9.998080366500046168e-01 -1.560392633332313705e-02 3.931326311014560204e-03
-1.594569442325098618e-02 1.541437214498958541e-02 9.997557687954463645e-01 1.828551225778363154e-02
0.000000000000000000e+00 0.000000000000000000e+00 0.000000000000000000e+00 1.000000000000000000e+00
5 8 2001
9.996334828076169909e-01 2.024112352313570118e-02 1.791824337712598358e-02 4.398585534221777227e-02
-2.017615028591249193e-02 9.997875312976485240e-01 -3.807193529652586061e-03 1.591174577076026608e-02
-1.799077287664002656e-02 3.444798073761745627e-03 9.998326849896768120e-01 7.057307309659810457e-03
0.000000000000000000e+00 0.000000000000000000e+00 0.000000000000000000e+00 1.000000000000000000e+00
5 14 4609
9.999850940995634874e-01 -3.925041951136132301e-03 -3.822345765427684339e-03 2.278745058854503291e-02
3.922844850050510868e-03 9.999917699941701654e-01 -6.625485283060505992e-04 -2.440504262049825179e-02
3.824761361744102861e-03 6.486934693881174496e-04 9.999930160452081829e-01 -2.104320184538122085e-02
0.000000000000000000e+00 0.000000000000000000e+00 0.000000000000000000e+00 1.000000000000000000e+00
5 15 1822
9.999709509900872595e-01 7.611341616278272104e-03 2.898886928344307501e-04 3.233387691526679042e-02
-7.610283020796471121e-03 9.999450419113047328e-01 -7.057367618694798672e-03 -1.591277847490024655e-03
-3.440766771046627204e-04 7.055689363470840636e-03 9.999752465053191042e-01 -1.154823246448599683e-02
0.000000000000000000e+00 0.000000000000000000e+00 0.000000000000000000e+00 1.000000000000000000e+00
5 19 734
9.995123919825205094e-01 2.422857914658679834e-02 -1.968367227656916962e-02 7.150069443213058484e-03
-2.465568376043192345e-02 9.994592767867719330e-01 -2.172561423300656269e-02 -1.120010345794231199e-04
1.914661220573514455e-02 2.220128147667121965e-02 9.995703049644992788e-01 -3.758318464931731384e-02
0.000000000000000000e+00 0.000000000000000000e+00 0.000000000000000000e+00 1.000000000000000000e+00
6 7 7568
9.996599758945405867e-01 -1.790116454644777311e-02 -1.893864550349885767e-02 -4.646626985951241018e-02
1.812235980906951038e-02 9.997679397719130279e-01 1.159612033140389187e-02 -2.669357472507849494e-03
1.872721634625501563e-02 -1.193582703681839163e-02 9.997529142384413703e-01 -1.844676092015240521e-02
0.000000000000000000e+00 0.000000000000000000e+00 0.000000000000000000e+00 1.000000000000000000e+00
6 8 4931
9.999613550631439862e-01 8.301640066023852071e-03 2.017790070527450408e-03 1.249164952607362267e-02
-8.323559550882986269e-03 9.998934093876882256e-01 1.182184126733221152e-02 1.195615807369398986e-02
-1.917860630666845534e-03 -1.183844694631563943e-02 9.999268471311584250e-01 -1.121605290202132288e-02
0.000000000000000000e+00 0.000000000000000000e+00 0.000000000000000000e+00 1.000000000000000000e+00
6 9 1075
9.996574438527175976e-01 -1.265349642287677545e-02 -2.288064020092342443e-02 -3.651596799253908898e-02
1.287330430462860220e-02 9.998708509101056352e-01 9.437446119056169813e-03 -3.642258949360099862e-03
2.275894375671030923e-02 -9.728365150818096829e-03 9.996921575762790502e-01 -2.201694395612241451e-02
0.000000000000000000e+00 0.000000000000000000e+00 0.000000000000000000e+00 1.000000000000000000e+00
6 12 1905
9.996526316427714054e-01 -1.375593577467651429e-02 -2.243419308594610251e-02 -4.498013187337790431e-02
1.395840352025981557e-02 9.998624449064719144e-01 8.822509778159293159e-03 1.053888840913730363e-03
2.230960883320406984e-02 -9.134121893054403252e-03 9.997077981039541594e-01 -1.783575551817961902e-02
0.000000000000000000e+00 0.000000000000000000e+00 0.000000000000000000e+00 1.000000000000000000e+00
6 14 12100
9.996786823812384704e-01 -1.581756448248908264e-02 -1.975840117700543297e-02 -7.775396979478710335e-03
1.611130891129500253e-02 9.997613644679690381e-01 1.470462818001444516e-02 -2.904313151730386622e-02
1.952175426269048275e-02 -1.501789014586180082e-02 9.996954488303818609e-01 -3.901454513931001955e-02
0.000000000000000000e+00 0.000000000000000000e+00 0.000000000000000000e+00 1.000000000000000000e+00
6 15 6645
9.998680621920175149e-01 -4.385077506785461932e-03 -1.557071095545745076e-02 1.346638719602166745e-03
4.515976504751495479e-03 9.999533412774453955e-01 8.360651323120915634e-03 -5.971611722122016630e-03
1.553369677721015696e-02 -8.429945528301674429e-03 9.998422791998140546e-01 -2.972748336642883071e-02
0.000000000000000000e+00 0.000000000000000000e+00 0.000000000000000000e+00 1.000000000000000000e+00
6 17 1265
9.980460822540496713e-01 -6.628060465357438202e-03 -6.212034874353515590e-02 -1.191220346459672674e-01
8.527400824049541361e-03 9.995025314552105078e-01 3.034218126432453033e-02 2.580142288796416494e-02
6.188872938535254498e-02 -3.081260763026294480e-02 9.976056134003229436e-01 -4.657566713427263583e-02
0.000000000000000000e+00 0.000000000000000000e+00 0.000000000000000000e+00 1.000000000000000000e+00
6 19 5178
9.993013706954693154e-01 1.199313522075351468e-02 -3.535954056836027037e-02 -2.343461808364843968e-02
-1.223128033404131954e-02 9.999026912812627454e-01 -6.553297173434002865e-03 -5.199401318342733447e-03
3.527832007306559714e-02 6.981353218197872135e-03 9.993515603324101271e-01 -5.617595257970176004e-02
0.000000000000000000e+00 0.000000000000000000e+00 0.000000000000000000e+00 1.000000000000000000e+00
7 8 718
9.994353883593252164e-01 2.619801361202464540e-02 2.095667465503192606e-02 5.933838256886081464e-02
-2.619880058937062994e-02 9.996552286468420867e-01 -1.515429545203561545e-04 1.348044642825430017e-02
-2.095238476092735336e-02 -3.974491135073088266e-04 9.997796094666977496e-01 6.281917739502596021e-03
0.000000000000000000e+00 0.000000000000000000e+00 0.000000000000000000e+00 1.000000000000000000e+00
7 9 697
9.999778420735335738e-01 5.289091521309130517e-03 -3.980916528386890807e-03 9.862437102990950777e-03
-5.295918501092733433e-03 9.999826032489738115e-01 -2.086885984062480937e-03 -1.108183064778112126e-03
3.969912108264417316e-03 2.108725316194881572e-03 9.999888833660078857e-01 -3.769037386158302638e-03
0.000000000000000000e+00 0.000000000000000000e+00 0.000000000000000000e+00 1.000000000000000000e+00
7 12 1517
9.999842819921630488e-01 4.198002008229756443e-03 -3.545472339406482987e-03 1.564551681107917425e-03
-4.205620693395140108e-03 9.999868411365349097e-01 -2.709858750409577244e-03 3.688491052923792424e-03
3.533362323824063012e-03 2.723604153821945761e-03 9.999889335533618251e-01 6.258855427965226426e-04
0.000000000000000000e+00 0.000000000000000000e+00 0.000000000000000000e+00 1.000000000000000000e+00
7 14 3676
9.999971333034686216e-01 2.025057253243978117e-03 -7.642188177676839667e-04 3.781461456671908472e-02
-2.020404547226573033e-03 9.999929139005093726e-01 3.123150215492587201e-03 -2.681479499591965521e-02
7.706668232603797186e-04 -3.120842488539443682e-03 9.999941222115409367e-01 -2.160134082604647787e-02
0.000000000000000000e+00 0.000000000000000000e+00 0.000000000000000000e+00 1.000000000000000000e+00
7 15 511
9.999016256620896215e-01 1.358051570314303125e-02 3.309829782835116418e-03 4.752559278285661826e-02
-1.356885057954598794e-02 9.999015665421967514e-01 -3.296077095060800932e-03 -4.022738439327877558e-03
-3.354461584837153953e-03 3.251184689568142883e-03 9.999880367008928683e-01 -1.222177904211352306e-02
0.000000000000000000e+00 0.000000000000000000e+00 0.000000000000000000e+00 1.000000000000000000e+00
7 19 6101
9.994013704551161226e-01 3.024085739527601624e-02 -1.675175938832441924e-02 2.227144447496109958e-02
-3.053775646545857370e-02 9.993738058943127944e-01 -1.784649028777457458e-02 -2.491430109134551429e-03
1.620182425262872705e-02 1.834791253948453438e-02 9.996992729895628482e-01 -3.818544617748165226e-02
0.000000000000000000e+00 0.000000000000000000e+00 0.000000000000000000e+00 1.000000000000000000e+00
8 9 2713
9.994722702956382321e-01 -2.095827946579692513e-02 -2.487727500291435356e-02 -4.885534703953020585e-02
2.090003915191301909e-02 9.997785297634634860e-01 -2.588037520080799236e-03 -1.587573408880715853e-02
2.492503961818347269e-02 2.067416110197617396e-03 9.996869380525381654e-01 -1.108334361491136733e-02
0.000000000000000000e+00 0.000000000000000000e+00 0.000000000000000000e+00 1.000000000000000000e+00
8 14 15176
9.994727654243286130e-01 -2.411117447784444368e-02 -2.179899859569685294e-02 -1.987167536886047525e-02
2.417621087670082658e-02 9.997054104413557463e-01 2.704481427327765086e-03 -4.083422596892716250e-02
2.172640186937464801e-02 -3.229408795215382710e-03 9.997587934729739167e-01 -2.832208900093269310e-02
0.000000000000000000e+00 0.000000000000000000e+00 0.000000000000000000e+00 1.000000000000000000e+00
8 15 17084
9.997663243339013350e-01 -1.269332338675921434e-02 -1.755892058483007889e-02 -1.095984845066078073e-02
1.263085019090973149e-02 9.999142712192179427e-01 -3.605824374177168945e-03 -1.779929704190208462e-02
1.760192653181155698e-02 3.383390001880037801e-03 9.998390573721824826e-01 -1.874453717665081065e-02
0.000000000000000000e+00 0.000000000000000000e+00 0.000000000000000000e+00 1.000000000000000000e+00
8 19 4045
9.993011739164120444e-01 3.655167583356155880e-03 -3.722197081108846728e-02 -3.569591673817196220e-02
-4.353135899714921653e-03 9.998171281562100443e-01 -1.867668902643709883e-02 -1.691975477528240290e-02
3.714602342247966260e-02 1.882602252545600985e-02 9.991321601716918188e-01 -4.523197193883055078e-02
0.000000000000000000e+00 0.000000000000000000e+00 0.000000000000000000e+00 1.000000000000000000e+00
9 10 13835
9.999409954791228516e-01 -6.658542607928363832e-03 -8.635818879473469711e-03 -2.254335493086290221e-02
6.694192953723865358e-03 9.999704568864486998e-01 4.060906976901368370e-03 1.012053115906330625e-02
8.608269808906804377e-03 -4.120259607507559263e-03 9.999549414754205223e-01 -1.038589642174758687e-02
0.000000000000000000e+00 0.000000000000000000e+00 0.000000000000000000e+00 1.000000000000000000e+00
9 11 2653
9.948302342419550470e-01 -6.341950540637320000e-02 7.930551742186889297e-02 1.616711618723879473e-01
6.524936080274795769e-02 9.976553022123513248e-01 -2.069028497442032544e-02 -8.282103677023044952e-02
-7.780767159044119086e-02 2.575742073986303504e-02 9.966350138215018806e-01 4.981551080848878321e-02
0.000000000000000000e+00 0.000000000000000000e+00 0.000000000000000000e+00 1.000000000000000000e+00
9 12 5951
9.999989309677588256e-01 -1.088647375222268066e-03 4.387351188082921905e-04 -8.305668758315509770e-03
1.089395273109167173e-03 9.999997647122962352e-01 -6.206608571597271862e-04 4.761990476053412635e-03
-4.388476543768365934e-04 6.192080516900233533e-04 9.999996172465006605e-01 4.417903086264995949e-03
0.000000000000000000e+00 0.000000000000000000e+00 0.000000000000000000e+00 1.000000000000000000e+00
9 13 2478
9.995980164109463662e-01 1.422685899219167105e-02 -2.448839031676099121e-02 -3.416642534312896995e-02
-1.418898795526273016e-02 9.998980842797666746e-01 1.718559952752052311e-03 -1.801469590515636376e-02
2.450949087274177651e-02 -1.370933887885450453e-03 9.996988992610436053e-01 2.287817486727483640e-02
0.000000000000000000e+00 0.000000000000000000e+00 0.000000000000000000e+00 1.000000000000000000e+00
9 14 3125
9.999892385465749545e-01 -3.284778637433871662e-03 3.189048987022061188e-03 2.801696032002465309e-02
3.268822998608256203e-03 9.999820280788217497e-01 5.226977585273406834e-03 -2.559601555330970335e-02
-3.206131254178831713e-03 -5.216547614854016857e-03 9.999815561363505356e-01 -1.788975221773614344e-02
0.000000000000000000e+00 0.000000000000000000e+00 0.000000000000000000e+00 1.000000000000000000e+00
9 15 10995
9.999385341637626601e-01 8.296209257186826225e-03 7.296990670797892653e-03 3.764422382786891674e-02
-8.288650109569556390e-03 9.999652143653832148e-01 -1.170624277931575641e-03 -2.733182134431189070e-03
-7.306732419080932961e-03 1.109609840265257663e-03 9.999726531443122735e-01 -8.596517949918780488e-03
0.000000000000000000e+00 0.000000000000000000e+00 0.000000000000000000e+00 1.000000000000000000e+00
9 16 3155
9.997420204337811311e-01 -1.509935129554978994e-02 1.699883796412977877e-02 1.368074283064479868e-02
1.454835552386724018e-02 9.993798554404582646e-01 3.210669048802844427e-02 6.296775025809586701e-02
-1.747426310915418946e-02 -3.185347870480742527e-02 9.993404832881251920e-01 -4.343010639743072332e-03
0.000000000000000000e+00 0.000000000000000000e+00 0.000000000000000000e+00 1.000000000000000000e+00
9 17 9113
9.992237763695399622e-01 5.538796098446291394e-03 -3.900471445686712335e-02 -8.275778936428135335e-02
-4.705652218707889745e-03 9.997606017055536975e-01 2.141897129709274816e-02 3.072425664658351430e-02
3.911371421611915811e-02 -2.121916074022567322e-02 9.990092284990467197e-01 -2.238323702687061711e-02
0.000000000000000000e+00 0.000000000000000000e+00 0.000000000000000000e+00 1.000000000000000000e+00
10 11 4991
9.945375899869598468e-01 -5.651585708161338539e-02 8.774180805788249493e-02 1.840995908930704861e-01
5.894324131244321752e-02 9.979398353034066860e-01 -2.532232704584436167e-02 -9.441322298243148836e-02
-8.612993893180398430e-02 3.035706352471956304e-02 9.958202442938772769e-01 5.823024505997898004e-02
0.000000000000000000e+00 0.000000000000000000e+00 0.000000000000000000e+00 1.000000000000000000e+00
12 13 12987
9.995715198006830393e-01 1.531626270617153507e-02 -2.492443876808940473e-02 -2.589363723157422914e-02
-1.526242982310435647e-02 9.998804030892025629e-01 2.366179590292727397e-03 -2.273702406699706913e-02
2.495761066163577901e-02 -1.983347137375968128e-03 9.996868787057504591e-01 1.846299443419696651e-02
0.000000000000000000e+00 0.000000000000000000e+00 0.000000000000000000e+00 1.000000000000000000e+00
12 16 1049
9.997652077791301384e-01 -1.399714965262638389e-02 1.659602387998107553e-02 2.205362391574328118e-02
1.344864074447726932e-02 9.993751809041540035e-01 3.270886226214697601e-02 5.817629444690952667e-02
-1.704385252302020870e-02 -3.247845491101764015e-02 9.993278953196516046e-01 -8.787262138176377135e-03
0.000000000000000000e+00 0.000000000000000000e+00 0.000000000000000000e+00 1.000000000000000000e+00
12 17 5827
9.992012089393615959e-01 6.636747494207256848e-03 -3.941900415586131745e-02 -7.441208628330497898e-02
-5.769627913981778544e-03 9.997400545724555165e-01 2.208194630762227995e-02 2.602667177381379204e-02
3.955579906309276972e-02 -2.183530366808233980e-02 9.989786386051542344e-01 -2.684992188428081406e-02
0.000000000000000000e+00 0.000000000000000000e+00 0.000000000000000000e+00 1.000000000000000000e+00
12 18 5784
9.997969065964014135e-01 4.879999577839827518e-03 1.954057787034112204e-02 1.951363542855200084e-02
-4.811527178033153662e-03 9.999818602203380813e-01 -3.547761446035413435e-03 -2.137393889902017285e-02
-1.955647633202456381e-02 3.452831440754755565e-03 9.998031658630266438e-01 -2.936046579268536405e-02
0.000000000000000000e+00 0.000000000000000000e+00 0.000000000000000000e+00 1.000000000000000000e+00
13 16 4198
9.987071553023018078e-01 -3.005425753273079092e-02 4.103066102534894122e-02 4.601175623156317229e-02
2.879398487835999054e-02 9.991063782559556072e-01 3.097574292276306096e-02 8.169217358323432876e-02
-4.192521608048359327e-02 -2.975611495076857516e-02 9.986780110590065540e-01 -2.824542037422106411e-02
0.000000000000000000e+00 0.000000000000000000e+00 0.000000000000000000e+00 1.000000000000000000e+00
13 17 3098
9.998493052915760071e-01 -9.169121893424864167e-03 -1.480694749289852841e-02 -5.037284639881434156e-02
9.457026921012537390e-03 9.997661278939874441e-01 1.949281815559045228e-02 4.810468757716601651e-02
1.462528543689525784e-02 -1.962972749163116593e-02 9.996998729789456917e-01 -4.397409136013763487e-02
0.000000000000000000e+00 0.000000000000000000e+00 0.000000000000000000e+00 1.000000000000000000e+00
14 15 18443
9.999246725759567411e-01 1.156053215200852913e-02 4.087020456971748872e-03 9.672087267898255014e-03
-1.153568423974099533e-02 9.999121367374799174e-01 -6.410923974320914542e-03 2.278226679360351170e-02
-4.161095867301956019e-03 6.362881051784674558e-03 9.999707571024660790e-01 9.443263198861906460e-03
0.000000000000000000e+00 0.000000000000000000e+00 0.000000000000000000e+00 1.000000000000000000e+00
14 17 613
9.990728003168155569e-01 8.874067991940487454e-03 -4.213729888715879446e-02 -1.105751537861544564e-01
-8.192561637850107048e-03 9.998330655460747618e-01 1.633536983462735570e-02 5.670653656982471702e-02
4.227491557132197209e-02 -1.597532716691452137e-02 9.989777700324458110e-01 -4.552274879071172009e-03
0.000000000000000000e+00 0.000000000000000000e+00 0.000000000000000000e+00 1.000000000000000000e+00
14 19 5747
9.994738095392387001e-01 2.823354372693107073e-02 -1.594532424643628488e-02 -1.560511857582691508e-02
-2.856653439791667637e-02 9.993709542626576514e-01 -2.100091814460147699e-02 2.434352885689450297e-02
1.534250147257794350e-02 2.144515927001577893e-02 9.996518967066831962e-01 -1.649620364629378333e-02
0.000000000000000000e+00 0.000000000000000000e+00 0.000000000000000000e+00 1.000000000000000000e+00
15 17 604
9.989164213723804586e-01 -2.592406149929088466e-03 -4.647907914741437885e-02 -1.205712739821777069e-01
3.628471111480513489e-03 9.997477298546078028e-01 2.220356486791447148e-02 3.244198121480623698e-02
4.640977219020515909e-02 -2.234804382584376636e-02 9.986722915576013992e-01 -1.470410116589360161e-02
0.000000000000000000e+00 0.000000000000000000e+00 0.000000000000000000e+00 1.000000000000000000e+00
15 19 3273
9.996644579058812097e-01 1.661524838515310298e-02 -1.986123067552829358e-02 -2.518538836754291577e-02
-1.691048605952442940e-02 9.997476113199064152e-01 -1.482237883969944603e-02 1.103810642247848861e-03
1.961037399254064728e-02 1.515346490999264217e-02 9.996927991693527193e-01 -2.605205091388418381e-02
0.000000000000000000e+00 0.000000000000000000e+00 0.000000000000000000e+00 1.000000000000000000e+00
16 17 5499
9.982130209936347365e-01 2.045252596555502400e-02 -5.613873961151481795e-02 -9.656740545351960581e-02
-2.103657582355350497e-02 9.997301640965993164e-01 -9.824871644770971635e-03 -3.019261356825286846e-02
5.592354557682317762e-02 1.099036390101015837e-02 9.983737332144965171e-01 -2.070306442810654346e-02
0.000000000000000000e+00 0.000000000000000000e+00 0.000000000000000000e+00 1.000000000000000000e+00
