0 1 15321
-9.059359999999999635e-01 3.505440000000000222e-01 2.374890000000000057e-01 1.271989999999999954e+00
-3.839980000000000060e-01 -4.438699999999999868e-01 -8.096459999999999768e-01 -1.138379999999999947e+00
-1.784010000000000040e-01 -8.246820000000000261e-01 5.367260000000000364e-01 -3.460230000000000250e-01
0.000000000000000000e+00 0.000000000000000000e+00 0.000000000000000000e+00 1.000000000000000000e+00
0 2 10519
-9.055950000000000388e-01 3.573709999999999942e-01 2.284400000000000042e-01 1.260250000000000092e+00
-3.790680000000000160e-01 -4.403110000000000079e-01 -8.138999999999999568e-01 -1.128509999999999902e+00
-1.902800000000000047e-01 -8.236580000000000013e-01 5.342120000000000202e-01 -3.416690000000000005e-01
0.000000000000000000e+00 0.000000000000000000e+00 0.000000000000000000e+00 1.000000000000000000e+00
0 3 19322
-9.109199999999999520e-01 3.396939999999999960e-01 2.341650000000000120e-01 1.255819999999999936e+00
-3.711090000000000222e-01 -4.265889999999999960e-01 -8.248039999999999816e-01 -1.136479999999999935e+00
-1.802880000000000038e-01 -8.382309999999999484e-01 5.146519999999999984e-01 -3.358590000000000186e-01
0.000000000000000000e+00 0.000000000000000000e+00 0.000000000000000000e+00 1.000000000000000000e+00
0 4 2178
-9.142890000000000184e-01 3.236450000000000160e-01 2.435779999999999890e-01 1.234879999999999978e+00
-3.766669999999999741e-01 -4.581160000000000232e-01 -8.051420000000000243e-01 -1.138579999999999925e+00
-1.489929999999999866e-01 -8.278790000000000315e-01 5.407560000000000144e-01 -3.477529999999999788e-01
0.000000000000000000e+00 0.000000000000000000e+00 0.000000000000000000e+00 1.000000000000000000e+00
0 5 36729
-9.097269999999999524e-01 3.405520000000000214e-01 2.375329999999999941e-01 1.260709999999999997e+00
-3.790319999999999800e-01 -4.475930000000000186e-01 -8.099359999999999893e-01 -1.136640000000000095e+00
-1.695069999999999910e-01 -8.268539999999999779e-01 5.362670000000000492e-01 -3.463680000000000092e-01
0.000000000000000000e+00 0.000000000000000000e+00 0.000000000000000000e+00 1.000000000000000000e+00
0 6 15556
-9.173829999999999485e-01 3.331140000000000212e-01 2.178249999999999909e-01 1.237710000000000088e+00
-3.607230000000000159e-01 -4.645889999999999742e-01 -8.087269999999999737e-01 -1.165159999999999973e+00
-1.681979999999999864e-01 -8.204850000000000199e-01 5.463670000000000471e-01 -3.451569999999999916e-01
0.000000000000000000e+00 0.000000000000000000e+00 0.000000000000000000e+00 1.000000000000000000e+00
0 7 2217
-9.069549999999999557e-01 3.468589999999999729e-01 2.390079999999999982e-01 1.275430000000000064e+00
-3.841649999999999787e-01 -4.483710000000000195e-01 -8.070829999999999949e-01 -1.132239999999999913e+00
-1.727779999999999871e-01 -8.238050000000000095e-01 5.399030000000000218e-01 -3.452299999999999813e-01
0.000000000000000000e+00 0.000000000000000000e+00 0.000000000000000000e+00 1.000000000000000000e+00
0 8 9185
-9.205379999999999674e-01 3.228840000000000043e-01 2.198960000000000081e-01 1.227789999999999937e+00
-3.552910000000000235e-01 -4.579599999999999782e-01 -8.148879999999999457e-01 -1.166150000000000020e+00
-1.624099999999999988e-01 -8.282620000000000537e-01 5.362879999999999869e-01 -3.631960000000000188e-01
0.000000000000000000e+00 0.000000000000000000e+00 0.000000000000000000e+00 1.000000000000000000e+00
0 9 45651
-9.078230000000000466e-01 3.425599999999999756e-01 2.418919999999999959e-01 1.265200000000000102e+00
-3.849859999999999949e-01 -4.520970000000000266e-01 -8.046090000000000186e-01 -1.132489999999999997e+00
-1.662679999999999991e-01 -8.235660000000000203e-01 5.423040000000000083e-01 -3.480559999999999765e-01
0.000000000000000000e+00 0.000000000000000000e+00 0.000000000000000000e+00 1.000000000000000000e+00
0 10 12060
-9.033940000000000303e-01 3.475980000000000181e-01 2.511120000000000019e-01 1.286620000000000097e+00
-3.949159999999999893e-01 -4.462050000000000183e-01 -8.030840000000000201e-01 -1.120030000000000081e+00
-1.671030000000000015e-01 -8.246689999999999854e-01 5.403710000000000457e-01 -3.582750000000000101e-01
0.000000000000000000e+00 0.000000000000000000e+00 0.000000000000000000e+00 1.000000000000000000e+00
0 11 2025
-8.995990000000000375e-01 4.055610000000000048e-01 1.619950000000000001e-01 1.102109999999999923e+00
-3.498899999999999788e-01 -4.473460000000000214e-01 -8.230790000000000051e-01 -1.197370000000000045e+00
-2.613409999999999900e-01 -7.971219999999999972e-01 5.443329999999999558e-01 -2.797129999999999894e-01
0.000000000000000000e+00 0.000000000000000000e+00 0.000000000000000000e+00 1.000000000000000000e+00
0 12 32531
-9.075550000000000006e-01 3.436980000000000035e-01 2.412809999999999955e-01 1.275439999999999907e+00
-3.851249999999999951e-01 -4.521760000000000224e-01 -8.044970000000000176e-01 -1.135000000000000009e+00
-1.674029999999999963e-01 -8.230490000000000306e-01 5.427419999999999467e-01 -3.482009999999999827e-01
0.000000000000000000e+00 0.000000000000000000e+00 0.000000000000000000e+00 1.000000000000000000e+00
0 13 6373
-9.063900000000000290e-01 3.292780000000000151e-01 2.646390000000000131e-01 1.295579999999999954e+00
-3.981370000000000187e-01 -4.564250000000000251e-01 -7.957159999999999789e-01 -1.129599999999999937e+00
-1.412239999999999884e-01 -8.265909999999999647e-01 5.447969999999999757e-01 -3.151320000000000232e-01
0.000000000000000000e+00 0.000000000000000000e+00 0.000000000000000000e+00 1.000000000000000000e+00
0 14 15598
-9.074689999999999701e-01 3.442740000000000244e-01 2.407829999999999970e-01 1.226669999999999927e+00
-3.838799999999999990e-01 -4.466269999999999962e-01 -8.081850000000000422e-01 -1.117310000000000025e+00
-1.706969999999999876e-01 -8.258339999999999570e-01 5.374590000000000201e-01 -3.413359999999999728e-01
0.000000000000000000e+00 0.000000000000000000e+00 0.000000000000000000e+00 1.000000000000000000e+00
0 15 16210
-9.123740000000000183e-01 3.352849999999999997e-01 2.348600000000000132e-01 1.228010000000000046e+00
-3.753360000000000030e-01 -4.561680000000000179e-01 -8.068670000000000009e-01 -1.138830000000000009e+00
-1.633940000000000115e-01 -8.243150000000000199e-01 5.420399999999999663e-01 -3.567259999999999875e-01
0.000000000000000000e+00 0.000000000000000000e+00 0.000000000000000000e+00 1.000000000000000000e+00
0 16 3
-9.068319999999999714e-01 3.483499999999999930e-01 2.372990000000000099e-01 1.273300000000000098e+00
-3.774040000000000172e-01 -4.203740000000000254e-01 -8.251380000000000381e-01 -1.162730000000000041e+00
-1.876829999999999887e-01 -8.378189999999999804e-01 5.126779999999999671e-01 -4.045440000000000147e-01
0.000000000000000000e+00 0.000000000000000000e+00 0.000000000000000000e+00 1.000000000000000000e+00
0 17 5786
-8.992689999999999850e-01 3.323169999999999735e-01 2.843990000000000129e-01 1.345439999999999969e+00
-4.140309999999999824e-01 -4.370479999999999920e-01 -7.984790000000000498e-01 -1.096510000000000096e+00
-1.410520000000000107e-01 -8.357970000000000121e-01 5.306119999999999726e-01 -3.717380000000000129e-01
0.000000000000000000e+00 0.000000000000000000e+00 0.000000000000000000e+00 1.000000000000000000e+00
0 18 2129
-9.137429999999999719e-01 3.400960000000000094e-01 2.222800000000000054e-01 1.243300000000000072e+00
-3.671380000000000199e-01 -4.568249999999999811e-01 -8.102599999999999802e-01 -1.109229999999999938e+00
-1.740230000000000110e-01 -8.219769999999999577e-01 5.422839999999999883e-01 -3.498109999999999831e-01
0.000000000000000000e+00 0.000000000000000000e+00 0.000000000000000000e+00 1.000000000000000000e+00
0 19 764
-9.131320000000000547e-01 3.235999999999999988e-01 2.479389999999999927e-01 1.245239999999999903e+00
-3.833190000000000208e-01 -4.745159999999999934e-01 -7.924029999999999685e-01 -1.108859999999999957e+00
-1.387700000000000045e-01 -8.186080000000000023e-01 5.573369999999999713e-01 -3.676420000000000243e-01
0.000000000000000000e+00 0.000000000000000000e+00 0.000000000000000000e+00 1.000000000000000000e+00
