20
part0.ply
1 0 0 0
0 1 0 0
0 0 1 0
0 0 0 1
part1.ply
-0.908539  0.344265  0.236727   1.28166
-0.379454 -0.442793 -0.812373  -1.14079
 -0.17485 -0.827899  0.532927 -0.343276
        0         0         0         1
part2.ply
  -0.9004  0.367314  0.233155   1.24954
-0.388191 -0.436309 -0.811752   -1.1222
-0.196441  -0.82141  0.535441 -0.342505
        0         0         0         1
part3.ply
-0.894504  0.358461  0.267147    1.3568
  -0.4052 -0.397609 -0.823237  -1.15257
-0.188878 -0.844638  0.500912 -0.331852
        0         0         0         1
part4.ply
   0.400615    0.420003    0.814313     1.60384
  -0.896016    0.365316    0.252389 -0.00353742
  -0.191478   -0.830748     0.52268     -1.2755
          0           0           0           1
part5.ply
-0.909644  0.340924  0.237318   1.25894
-0.379366 -0.449108  -0.80894  -1.13944
-0.169205 -0.825878  0.537863 -0.349113
        0         0         0         1
part6.ply
-0.929078  0.318453   0.18816   1.23102
-0.328048 -0.474402 -0.816902  -1.21182
-0.170881  -0.82069  0.545224 -0.317026
        0         0         0         1
part7.ply
1 0 0 0
0 1 0 0
0 0 1 0
0 0 0 1
part8.ply
-0.918977   0.32936  0.216801    1.2251
-0.356449  -0.45881 -0.813903  -1.14571
-0.168596 -0.825237  0.539036 -0.347455
        0         0         0         1
part9.ply
-0.907927  0.346116  0.236372   1.26531
-0.383235 -0.457213  -0.80255  -1.11503
-0.169703 -0.819243   0.54776 -0.339498
        0         0         0         1
part10.ply
-0.890048  0.363332  0.275328   1.38136
-0.424008 -0.437977 -0.792713  -1.05086
-0.167431 -0.822294  0.543876 -0.358529
        0         0         0         1
part11.ply
 -0.888711  -0.126219  -0.440751    1.62268
 -0.431159   0.556936   0.709877    2.61973
   0.15587   0.820909  -0.549375 0.00567359
         0          0          0          1
part12.ply
 -0.90777  0.344668  0.239077   1.27622
-0.383558 -0.451301 -0.805736   -1.1359
-0.169816 -0.823123  0.541878 -0.357133
        0         0         0         1
part13.ply
 -0.569778 0.00143835  -0.821798   0.511713
  0.399612   0.874295  -0.275533  -0.195293
  0.718098  -0.485393  -0.498729   -1.17319
         0          0          0          1
part14.ply
-0.908443  0.345187   0.23575   1.22313
-0.379505 -0.444646 -0.811336  -1.11753
-0.175237 -0.826521  0.534935  -0.33456
        0         0         0         1
part15.ply
 0.558844 0.0342694  0.828564   1.25925
-0.385459 -0.873917  0.296127  -1.12092
 0.734244 -0.484867 -0.475174   -2.7773
        0         0         0         1
part16.ply
-0.0765042   0.933196  -0.351131    2.09058
 -0.765213   0.170818   0.620702    1.17394
  0.639216   0.316176   0.701025    1.43363
         0          0          0          1
part17.ply
-0.358417 -0.436844 -0.825048 -0.924185
 0.917095 -0.330011  -0.22367  -2.30333
-0.174566 -0.836815   0.51891 -0.397038
        0         0         0         1
part18.ply
-0.871569 -0.167046 -0.460937   1.70958
-0.472708  0.535721  0.699679  -1.25941
 0.130055  0.827707 -0.545882  -1.00794
        0         0         0         1
part19.ply
0.0968142 -0.680367  0.726449 -0.233361
 0.682001  0.576944  0.449455  0.703041
-0.724915  0.451925  0.519867  0.894091
        0         0         0         1
