20
part0.ply
1 0 0 0
0 1 0 0
0 0 1 0
0 0 0 1
part1.ply
-0.905936  0.350544  0.237489   1.27199
-0.383998  -0.44387 -0.809646  -1.13838
-0.178401 -0.824682  0.536726 -0.346023
        0         0         0         1
part2.ply
-0.905595  0.357371   0.22844   1.26025
-0.379068 -0.440311   -0.8139  -1.12851
 -0.19028 -0.823658  0.534212 -0.341669
        0         0         0         1
part3.ply
 -0.91092  0.339694  0.234165   1.25582
-0.371109 -0.426589 -0.824804  -1.13648
-0.180288 -0.838231  0.514652 -0.335859
        0         0         0         1
part4.ply
-0.914289  0.323645  0.243578   1.23488
-0.376667 -0.458116 -0.805142  -1.13858
-0.148993 -0.827879  0.540756 -0.347753
        0         0         0         1
part5.ply
-0.909727  0.340552  0.237533   1.26071
-0.379032 -0.447593 -0.809936  -1.13664
-0.169507 -0.826854  0.536267 -0.346368
        0         0         0         1
part6.ply
-0.917383  0.333114  0.217825   1.23771
-0.360723 -0.464589 -0.808727  -1.16516
-0.168198 -0.820485  0.546367 -0.345157
        0         0         0         1
part8.ply
-0.920538  0.322884  0.219896   1.22779
-0.355291  -0.45796 -0.814888  -1.16615
 -0.16241 -0.828262  0.536288 -0.363196
        0         0         0         1
part9.ply
-0.907823   0.34256  0.241892    1.2652
-0.384986 -0.452097 -0.804609  -1.13249
-0.166268 -0.823566  0.542304 -0.348056
        0         0         0         1
part10.ply
-0.903394  0.347598  0.251112   1.28662
-0.394916 -0.446205 -0.803084  -1.12003
-0.167103 -0.824669  0.540371 -0.358275
        0         0         0         1
part11.ply
-0.899599  0.405561  0.161995   1.10211
 -0.34989 -0.447346 -0.823079  -1.19737
-0.261341 -0.797122  0.544333 -0.279713
        0         0         0         1
part12.ply
-0.907555  0.343698  0.241281   1.27544
-0.385125 -0.452176 -0.804497    -1.135
-0.167403 -0.823049  0.542742 -0.348201
        0         0         0         1
part13.ply
 -0.90639  0.329278  0.264639   1.29558
-0.398137 -0.456425 -0.795716   -1.1296
-0.141224 -0.826591  0.544797 -0.315132
        0         0         0         1
part14.ply
-0.907469  0.344274  0.240783   1.22667
 -0.38388 -0.446627 -0.808185  -1.11731
-0.170697 -0.825834  0.537459 -0.341336
        0         0         0         1
part15.ply
-0.912374  0.335285   0.23486   1.22801
-0.375336 -0.456168 -0.806867  -1.13883
-0.163394 -0.824315   0.54204 -0.356726
        0         0         0         1
part17.ply
-0.899269  0.332317  0.284399   1.34544
-0.414031 -0.437048 -0.798479  -1.09651
-0.141052 -0.835797  0.530612 -0.371738
        0         0         0         1
part7.ply
-0.906955  0.346859  0.239008   1.27543
-0.384165 -0.448371 -0.807083  -1.13224
-0.172778 -0.823805  0.539903  -0.34523
        0         0         0         1
part16.ply
-0.906832   0.34835  0.237299    1.2733
-0.377404 -0.420374 -0.825138  -1.16273
-0.187683 -0.837819  0.512678 -0.404544
        0         0         0         1
part18.ply
-0.913743  0.340096   0.22228    1.2433
-0.367138 -0.456825  -0.81026  -1.10923
-0.174023 -0.821977  0.542284 -0.349811
        0         0         0         1
part19.ply
-0.913132    0.3236  0.247939   1.24524
-0.383319 -0.474516 -0.792403  -1.10886
 -0.13877 -0.818608  0.557337 -0.367642
        0         0         0         1
