9
part0.ply
1 0 0 0
0 1 0 0
0 0 1 0
0 0 0 1
part1.ply
    0.999999   0.00156211  0.000818551      1.41231
 -0.00156115     0.999998  -0.00116246     -24.8944
-0.000820249   0.00116117     0.999999      -0.3149
           0            0            0            1
part2.ply
  -0.999172 0.000657655  -0.0406693    -25.4214
 0.00037631   -0.999677  -0.0254098    -14.1648
 -0.0406727  -0.0254041     0.99885   -0.705823
          0           0           0           1
part3.ply
  -0.999172 0.000614654  -0.0406799    -25.4248
0.000391401   -0.999694  -0.0247182    -14.1765
 -0.0406827  -0.0247137    0.998867   -0.693498
          0           0           0           1
part4.ply
           1 -0.000247657  0.000302434  -0.00336456
 0.000247821            1 -0.000463199   0.00494194
-0.000302583  0.000463262            1  -0.00709593
           0            0            0            1
part5.ply
     0.999999  -0.000286408     0.0011816    0.00459647
  0.000286348             1  3.65637e-005     0.0227623
  -0.00118166 -3.62396e-005      0.999999    -0.0385675
            0             0             0             1
part6.ply
           1 -2.1413e-005  -0.00060292    0.0092926
2.13832e-005            1 -0.000148535  -0.00799549
 0.000602927  0.000148505            1    0.0228596
           0            0            0            1
part7.ply
           1  0.000616319  0.000381202   0.00932741
-0.000616502            1  0.000474829  -0.00625229
-0.000380814 -0.000475056            1   0.00444901
           0            0            0            1
part8.ply
-0.000120945     0.999968  -0.00805503     -6.70643
   -0.999424 -0.000394385   -0.0339474     -7.11613
  -0.0339495   0.00804624     0.999392    -0.227391
           0            0            0            1
