0 1 124533
5.009117302895413903e-01 -8.654773421293678881e-01 4.459513285440799488e-03 3.364355637383149400e+01
8.654363272726188772e-01 5.009080329735191572e-01 1.225428399145080116e-02 -2.443764345158120932e+01
-1.277606805429825319e-02 -2.254939799184934885e-03 9.999645484160812892e-01 -2.625363393108615107e-02
0.000000000000000000e+00 0.000000000000000000e+00 0.000000000000000000e+00 1.000000000000000000e+00
0 2 91653
1.677458859547086359e-02 9.998669840989238278e-01 1.333586988958894264e-03 5.842604031503035600e+01
-9.998368853704568959e-01 1.676160157532963560e-02 8.217230568155587528e-03 -3.465401849417602875e+01
8.149460148577033353e-03 -1.452991929079291630e-03 9.999638244197306403e-01 3.144814273915221836e-01
0.000000000000000000e+00 0.000000000000000000e+00 0.000000000000000000e+00 1.000000000000000000e+00
0 3 4033
-7.400640750444241744e-01 6.725469528151563070e-01 1.906437824726524028e-03 1.999844913048001160e+01
-6.725251625804105071e-01 -7.400608386240041803e-01 6.379083199762321937e-03 -9.432521204574227625e+01
5.658325402878113322e-03 3.417718760625055707e-03 9.999768856613322487e-01 2.122969512713900997e+00
0.000000000000000000e+00 0.000000000000000000e+00 0.000000000000000000e+00 1.000000000000000000e+00
0 4 1538
5.432451669662234917e-01 8.395844173803352906e-01 5.774750594542341076e-04 5.786852716750474457e+01
-8.395660455645211906e-01 5.432266801520040378e-01 7.340543034233053613e-03 -1.217103544360933114e+02
5.821534103410623551e-03 -4.433783144497858292e-03 9.999725299021330338e-01 -1.670041412913012557e+00
0.000000000000000000e+00 0.000000000000000000e+00 0.000000000000000000e+00 1.000000000000000000e+00
0 5 1861
-9.995936593950409677e-01 2.879029689951560778e-02 -5.811263478487397813e-04 9.742692634572277655e+01
-2.879127304720686259e-02 -9.995841491251241662e-01 4.787244975026302279e-03 -1.097845356514293087e+02
-4.618679415581822528e-04 4.758220866867872260e-03 9.999869464997199753e-01 -1.752503651896941905e+00
0.000000000000000000e+00 0.000000000000000000e+00 0.000000000000000000e+00 1.000000000000000000e+00
1 2 85112
-8.569459901444328453e-01 5.153451310588050838e-01 -5.059333552423056143e-03 3.567776213925469619e+00
-5.153763486326724541e-01 -8.569956276261669892e-01 6.832786028293545222e-04 -2.656786745496353319e+01
-3.961223212093789407e-03 3.198732388447240657e-03 9.999361761033312979e-01 3.264198434310316976e-01
0.000000000000000000e+00 0.000000000000000000e+00 0.000000000000000000e+00 1.000000000000000000e+00
1 3 17168
-9.527547532830324961e-01 -3.036106005054638457e-01 -6.363271828195776053e-03 -6.734189517639242695e+01
3.036382731478702857e-01 -9.528160503348301891e-01 -7.333259060493329488e-04 -2.320306085924853789e+01
-5.829654807941775201e-03 -2.609866290535130858e-03 9.999293835420892673e-01 1.236580844321122807e+00
0.000000000000000000e+00 0.000000000000000000e+00 0.000000000000000000e+00 1.000000000000000000e+00
1 4 8610
-4.545174428362575569e-01 8.906946346287574201e-01 -6.196844596857967527e-03 -7.202321801317451389e+01
-8.907537387710363630e-01 -4.545452581227660271e-01 8.985303155300115472e-04 -6.968915054498495465e+01
-1.994078428197347194e-03 5.921029839931905674e-03 9.999308338574803834e-01 -2.721202623886261218e+00
0.000000000000000000e+00 0.000000000000000000e+00 0.000000000000000000e+00 1.000000000000000000e+00
1 5 11053
-5.255939351508156498e-01 -8.506652139568352533e-01 -8.986944167536790179e-03 -4.188741586347224199e+01
8.507375118357868304e-01 -5.256417392884760176e-01 6.222785395990797002e-04 -9.795327269601800424e+01
-5.258716381698455913e-03 -7.295484912598822549e-03 9.999089802472047595e-01 -2.482373230781843798e+00
0.000000000000000000e+00 0.000000000000000000e+00 0.000000000000000000e+00 1.000000000000000000e+00
2 3 24545
6.600342529918289403e-01 7.512322842478083018e-01 1.847522469230361477e-03 5.903043788171143547e+01
-7.512347211682190995e-01 6.600354632362182006e-01 5.419331027029174359e-04 -3.942474051287205583e+01
-8.121648058092853853e-04 -1.745455744062990831e-03 9.999987923116004929e-01 1.270184004124468302e+00
0.000000000000000000e+00 0.000000000000000000e+00 0.000000000000000000e+00 1.000000000000000000e+00
2 4 13239
8.485700425818050174e-01 -5.290804444285672758e-01 8.639146479206844670e-04 8.701461531681304962e+01
5.290815634363916775e-01 8.485709160544503415e-01 -7.707069857050704263e-04 -2.013819149072936909e+00
-3.251141615818302095e-04 1.110943734076939946e-03 1.000000545233101779e+00 -2.696668596694171693e+00
0.000000000000000000e+00 0.000000000000000000e+00 0.000000000000000000e+00 1.000000000000000000e+00
2 5 18313
1.201634016703430341e-02 9.999210590374481011e-01 3.397425560683317407e-03 7.575382630077903912e+01
-9.999255503770548836e-01 1.202313029399938032e-02 -1.971956145031338471e-03 3.773867340263438308e+01
-2.012751193701572700e-03 -3.373248473422221262e-03 9.999925693906049906e-01 -2.629599007230665197e+00
0.000000000000000000e+00 0.000000000000000000e+00 0.000000000000000000e+00 1.000000000000000000e+00
3 4 46871
1.626222869904804524e-01 -9.866883869602283141e-01 3.368829426300028532e-04 -9.630599828687778086e+00
9.866867455152115163e-01 1.626215940967563056e-01 -1.605309962415774321e-03 4.572207529501272205e+01
1.529181830877556544e-03 5.934396641021702501e-04 9.999992245275394209e-01 -3.894873079897207990e+00
0.000000000000000000e+00 0.000000000000000000e+00 0.000000000000000000e+00 1.000000000000000000e+00
3 5 39086
7.591113010768519853e-01 6.509538690536750272e-01 2.911516038569692856e-03 -4.692661323317835809e+01
-6.509550399838882617e-01 7.591154263930319779e-01 -4.949048459338600738e-04 6.350050725189537815e+01
-2.532443983344709153e-03 -1.519566104529253064e-03 9.999952778696534761e-01 -3.827062451844137403e+00
0.000000000000000000e+00 0.000000000000000000e+00 0.000000000000000000e+00 1.000000000000000000e+00
4 5 88090
-5.188446805493301950e-01 8.548671765855931914e-01 1.514309988573250745e-03 1.147669613223389007e+01
-8.548670843957002496e-01 -5.188408712103844689e-01 -2.359786748335514651e-03 3.969073670185800751e+01
-1.231725044554268615e-03 -2.518914659792920088e-03 9.999951380740783602e-01 2.670663610309819205e-02
0.000000000000000000e+00 0.000000000000000000e+00 0.000000000000000000e+00 1.000000000000000000e+00
