6
part5.ply
1 0 0 0
0 1 0 0
0 0 1 0
0 0 0 1
part0.ply
  -0.9996   -0.0279   -0.0020   94.3091
    0.0279   -0.9996   -0.0006 -112.3354
   -0.0020   -0.0007    1.0000    2.0213
         0         0         0    1.0000
part1.ply
   -0.5256    0.8507   -0.0047   61.2382
   -0.8507   -0.5256   -0.0084  -87.2937
   -0.0096   -0.0004    1.0000    1.9851
         0         0         0    1.0000
part2.ply
 0.00731695   -0.999972 -0.00155125     36.7111
   0.999965  0.00732329 -0.00411299    -76.3774
 0.00412399 -0.00152111     0.99999     2.17727
          0           0           0           1
part3.ply
      0.7591    -0.650963  -0.00367606      76.9866
     0.65096     0.759109  -0.00216446     -17.6638
  0.00419956 -0.000749975     0.999991      3.86608
           0            0            0            1
part4.ply
  -0.518881   -0.854845 -0.00187388     39.8691
   0.854844   -0.518872 -0.00363566     10.7661
 0.00213559 -0.00348842    0.999992   0.0587534
          0           0           0           1
