6
part5.ply
1 0 0 0
0 1 0 0
0 0 1 0
0 0 0 1
part0.ply
   -0.999577   -0.0287922 -0.000443051       94.224
   0.0287882    -0.999564   0.00480195     -112.533
-0.000598661   0.00474291      0.99999      2.33151
           0            0            0            1
part1.ply
  -0.525612     0.85069 -0.00525349     61.2983
    -0.8507   -0.525616 -0.00731878    -87.1376
-0.00897113 0.000638972     1.00001     2.16921
          0           0           0           1
part2.ply
  0.0120164   -0.999926 -0.00201265     36.8203
   0.999923   0.0120231 -0.00337348    -76.2106
  0.0033972 -0.00197206    0.999992     2.44665
          0           0           0           1
part3.ply
    0.759112    -0.650956  -0.00253234      76.9489
    0.650954     0.759116  -0.00151958      -17.663
  0.00291159 -0.000494985     0.999996      3.99511
           0            0            0            1
part4.ply
  -0.518845   -0.854868 -0.00123162      39.885
   0.854867   -0.518841  -0.0025189     10.7822
 0.00151427 -0.00235989    0.999997   0.0495804
          0           0           0           1
