0 1 143754
-7.824219999999999509e-01 6.224260000000000348e-01 -2.009439999999999837e-02 -3.556799999999999962e+00
-6.227460000000000218e-01 -7.818969999999999532e-01 2.871299999999999894e-02 -4.491290000000000227e+00
2.160140000000000064e-03 3.497929999999999789e-02 9.993849999999999678e-01 1.268449999999999959e-02
0.000000000000000000e+00 0.000000000000000000e+00 0.000000000000000000e+00 1.000000000000000000e+00
0 2 113155
-9.019340000000000135e-01 4.315450000000000119e-01 -1.686949999999999908e-02 -5.945330000000000226e+00
-4.318150000000000044e-01 -9.017720000000000180e-01 1.853080000000000005e-02 -9.013619999999999521e+00
-7.215479999999999811e-03 2.399799999999999850e-02 9.996869999999999923e-01 -7.184669999999999668e-01
0.000000000000000000e+00 0.000000000000000000e+00 0.000000000000000000e+00 1.000000000000000000e+00
0 3 136936
-9.471600000000000019e-01 -3.206530000000000213e-01 -8.386019999999999239e-03 3.131270000000000220e+00
3.205189999999999984e-01 -9.471359999999999779e-01 1.421009999999999981e-02 3.602520000000000167e+00
-1.249920000000000024e-02 1.077129999999999928e-02 9.998639999999999750e-01 -7.502400000000000180e-01
0.000000000000000000e+00 0.000000000000000000e+00 0.000000000000000000e+00 1.000000000000000000e+00
0 4 154925
9.799550000000000205e-01 1.955949999999999911e-01 -3.784339999999999926e-02 -2.099790000000000045e+00
-1.951479999999999881e-01 9.806559999999999722e-01 1.521460000000000000e-02 1.761139999999999928e+00
4.008729999999999932e-02 -7.524570000000000390e-03 9.991689999999999738e-01 -4.968390000000000306e-02
0.000000000000000000e+00 0.000000000000000000e+00 0.000000000000000000e+00 1.000000000000000000e+00
1 2 162497
9.745868601620070182e-01 2.239771050266184671e-01 3.818348559518357482e-03 4.683517442008248821e+00
-2.240035971683309590e-01 9.745367269264766374e-01 9.979254884084479138e-03 2.023741347504749655e+00
-1.486149015324584460e-03 -1.058094171498622296e-02 9.999446504421977133e-01 -8.125573318430359127e-01
0.000000000000000000e+00 0.000000000000000000e+00 0.000000000000000000e+00 1.000000000000000000e+00
1 3 117845
5.414482713004784564e-01 8.407337268260363095e-01 -1.282174426057379989e-04 -1.027491627901402538e+01
-8.405860209217548284e-01 5.413573281206525145e-01 1.864411796708905986e-02 -2.192392765057947113e+00
1.574398908614930287e-02 -9.987245095930730870e-03 9.998270123846367818e-01 -6.644495145537097081e-01
0.000000000000000000e+00 0.000000000000000000e+00 0.000000000000000000e+00 1.000000000000000000e+00
1 4 168445
-6.451224302887448303e-01 -7.637532451653471499e-01 2.229278370002463899e-02 -5.033803990807309781e+00
7.639362295222557053e-01 -6.452921578987652618e-01 -5.006134280131496750e-04 -3.984059641406100027e+00
1.476798252248742380e-02 1.670738695677816826e-02 9.997532037938338112e-01 8.791900895784796055e-02
0.000000000000000000e+00 0.000000000000000000e+00 0.000000000000000000e+00 1.000000000000000000e+00
2 3 79532
7.159605118835500326e-01 6.981165242780369429e-01 -5.787069293128833426e-03 -1.363408398802171106e+01
-6.980776595929744088e-01 7.159829213636125234e-01 7.561541715039737238e-03 -7.460679343121491058e+00
9.422215582675098552e-03 -1.374042403558598663e-03 9.999537671683029760e-01 4.890723050548673179e-02
0.000000000000000000e+00 0.000000000000000000e+00 0.000000000000000000e+00 1.000000000000000000e+00
2 4 126805
-7.998754385212732965e-01 -5.998204112345136840e-01 2.035277418078364209e-02 -8.125938878463131232e+00
5.998361882274954038e-01 -8.001006213217438656e-01 -6.073166336615438282e-03 -8.040802668083120608e+00
1.992718313409605480e-02 7.350553252792920399e-03 9.997745283081524992e-01 8.033651862731889803e-01
0.000000000000000000e+00 0.000000000000000000e+00 0.000000000000000000e+00 1.000000000000000000e+00
3 4 116454
-9.912231631479963001e-01 1.291530571293187102e-01 2.823148003372670869e-02 4.355694029049056226e+00
-1.289619159023740746e-01 -9.916128095140331888e-01 8.486705432708706309e-03 3.428935077566567013e+00
2.909084727916977364e-02 4.771347850096898692e-03 9.995663990952872169e-01 7.181623724895558336e-01
0.000000000000000000e+00 0.000000000000000000e+00 0.000000000000000000e+00 1.000000000000000000e+00
