5
part0.ply
1 0 0 0
0 1 0 0
0 0 1 0
0 0 0 1
part1.ply
 -0.782079   0.622923  -0.017913   -3.55745
 -0.623169  -0.781569  0.0284737   -4.49535
0.00373682  0.0334315   0.999434  0.0244083
         0          0          0          1
part2.ply
  -0.901528    0.432581   -0.010993    -5.95476
  -0.432715   -0.901359   0.0175939    -9.01814
-0.00229773   0.0206182    0.999785    -0.70161
          0           0           0           1
part3.ply
 -0.946767  -0.321728 -0.0110772    3.13489
  0.321558  -0.946775  0.0147604    3.59263
-0.0152364  0.0104126    0.99983  -0.751284
         0          0          0          1
part4.ply
   0.980226     0.19452  -0.0363155    -2.09045
  -0.194092    0.980869   0.0150154       1.749
  0.0385416 -0.00766996    0.999228  -0.0469029
          0           0           0           1
