5
part0.ply
1 0 0 0
0 1 0 0
0 0 1 0
0 0 0 1
part1.ply
 -0.782422   0.622426 -0.0200944    -3.5568
 -0.622746  -0.781897   0.028713   -4.49129
0.00216014  0.0349793   0.999385  0.0126845
         0          0          0          1
part2.ply
  -0.901934    0.431545  -0.0168695    -5.94533
  -0.431815   -0.901772   0.0185308    -9.01362
-0.00721548    0.023998    0.999687   -0.718467
          0           0           0           1
part3.ply
   -0.94716   -0.320653 -0.00838602     3.13127
   0.320519   -0.947136   0.0142101     3.60252
 -0.0124992   0.0107713    0.999864    -0.75024
          0           0           0           1
part4.ply
   0.979955    0.195595  -0.0378434    -2.09979
  -0.195148    0.980656   0.0152146     1.76114
  0.0400873 -0.00752457    0.999169  -0.0496839
          0           0           0           1
